9266889189426557631546867198611
5273863499437622892276122191591
9231896639978879731399642372463
1232577459599857792373967522147
7739282476529466243127828883993
2893936113442425278656195999297
1193169464958869383242653248514
5394175318983542934377448658524
8494851555586477414991586961363
1732511858435494421426228882949
8757435832943615333776275625462
3154944896667229125827172226629
7936836332462889816386539386979
9256612914557928776621569884663
5551954257243549771715557199184
276839639695575@753161752229412
6128442162456698471542431381722
2345751494148976264743268646566
5862314426373886454526453889686
7215443752838256588161724396447
2173956527631145729281238147231
5434757353375257472382212516276
1171278862266991369334483632462
4598858397289155797786538726511
2937671578153619881265546692927
3426926543537538591372179871113
5582271988899273131312182217678
4156284785357284253285476987448
1277326697834314279473288129743
3986369189811858111248947736371
3461475316615853185184284545964