65326347241837364353676776787561664458712851662616142556351121127557516444848273746647623786538752131
14241186711165811145362375531761224867773158615535572814425623577447615383855731423328741251473532653
26245376341453523422668321346215553215173287533258831712364688783566136481266636883337528576686164235
52144881873758565771462355271183671188578111172224427866276851333113376651745753386866548471667732426
13642677353131116561481162324218122165383622383484383886383426743278313343832731645165721212775725144
62835174328225588532568118134183261437765557513774332635588323228773423512384632556634614775213731118
16125468541315413555677827472457453636573647847623742326465154486723648333343341867138314224665145783
17285368715866657125318271151484762462435354616581357448182216146237384441325477552638117177234511656
52837542738161867314861584636451241765457156364377517451825525827373833224541762341253657327332383358
64448618118657823323324884122277751568855273215623541733747551656536324475134737175358783248282248318
77578327576615736321474671488761883418118272541734534276173512865235378858745226288737284358125328731
83271145526314254485118164623725415852187554478877875845889258857832358563787651227224684557476674215
46726543754287672662617852563186582714767596974647454664654446976117765123633434113377722256572634413
88444561337311577677121414548482466184585688664487764546469786955555357257137131738743834344134215816
55577411536186668226873747171211189688558977649897544566875857466484725533175431286713481182232767633
65482456563515221517534777432661585964567856476946575654849999595475658228884326185688844474572213742
36877374272273858684726452735398878995549576757469956689787847574598754438244883476463243538173625342
55313737126228668665224578577956894784589965769974945788785986656486794757626774523267568286873765434
88562152663882525334871234857746958894897468855867548648787677789659779995654147132563482244288441448
46332476165216762835382147979669864574985587948976785787964958969988978487594446841826412384554636838
64432456844852328616623248647889454555848755969947566859644567449845895459879368631456285881237626511
13635277287272177456134545544457678489989965447447748876964875688986876944575586478584275344348516762
34231574237721857364317494898775868798844444669946776844987779469448567589488567163144564542811251436
46287628553467867377788464756997855847547688466697469654799957745845884456656775934821824222487423871
78161643324251781151256598987495896748788497686577584846997487668978887968669887623115666667151552472
85813574815323443284754588679848775499968468688884759477455486855464474847589974665135543625851713833
72768621735421853588869894797444456984594594677948589845754775795967645754499457947483823755216362548
14372348588587446688468574546757496696876689688699647999548976464754847757795946954815814453523874863
86262121831533346985659458687449898899695966595757456598878746686598467647766975974594564681766536661
63388318873175215956976756977456749664467789484755545597859677658695798578965444596846856468252465725
33426351534163849875876746485766696658598458564656994994694455858878446998458874954847487444858857455
41614725433775855475684786488897676878769978494875487695864964445666744685874586997964314831213653163
24337436787264847574675655964786559994775966999588858874798557886446887576845576759679861344551127824
66316775281451746499945946665474664658768447449854957786776964479455787557858469488479612551881661462
45178266557242674958588859865888897496456678977775664794774678494479865874659567888958955741637217442
88155513648647684696497845774768668444449756759949766578857484576647778575899995876976476257474831535
64858148452319698588549886468756998955868958555866496596744445675869497866548567846767566525358476117
13448854171468784585989647855795786589948578948464555474445594657466765445885945964849766362873363263
42247184287325949698577697555889895765679594777495688588458459585468679975669499874568658418221341767
28784865482847549969856454556946774497586489498778777476949455488495744987755589475579789433361737218
83651567511777976944754944757655866775489989656575479846579446576797896566795995458484484758342678357
86364222386498569554765778944479746897577499494767587799669647667868484845456585988946485857775847468
63883648577259899986754464494478595669749589848989977658865677485696967956884855948859867876333834863
13283354677789647659468669785879684745458688854557956959477489586867547566485456896984458995725153565
47366716323589499876656459987975794657775874588457567479554899999988555589544766578884848451153571517
33376566254747477944745959749946988844988597499569747797474686777796868988546875547944964998774263751
71837364751867766784889947848758844655576755544446664784579894579675658559898985999688578674664735776
63484338124497567957467656576469774476864475764859665657669456988448486688847874758946876474474585318
25416175545894855857886464958996597788649654458587566477974889488746575495784659896489775897344325875
71426352338799777595574484489484975789775978676556487789696765586757667648575744559787786883276533386
14277767241784588665757695569478456795476557997564@44859596664647846876497489765778546954862655757328
57787476661778685998684457796754556876574947975878868465886685945895475476556988549977668876411561371
48884326663685778598574877477969456589847885877974979845959475779864586895545478595685869953412275758
52565154475468869576887497997679849986646746869795694674586588649875847687789696554776695648676687888
48762878335764777979875795587795847565489546459467564559455955677766856889974667776877699947376344175
42855168267657486655944964867668458984459785489997674647845596767664677869655656597668644468436874613
24548528321677879786455586894468859648954848986964544775787856954785659944477898648494444548243814227
35177685516774885956456456489584664946879789495999845686884586459875745764995857644457986753362148866
41248175564555599696678599898599895698787984677577675868657677449578769659799466565984575876454156113
75344465137175977449659779454976898465697874494576958664996897679486846979457476778968969525424453325
83514731852484955674787777797948589966446486864495797465565678894599877894796548847988896674171828876
66688344161174747887578799689678687465899796948577686656579577456599468788868974685598649962411482864
56571462825485776778986598867874589888545569589565488786656765888996499568499774685888857884812164486
11656886171136578785484484849898775985456995694797646596678789568756675469989496655896656346252427844
87874812458684878596587998895474776887477766946679958794448986674669549684899656765587765456512132413
36342433622115558969564454466495984674596877478449874849685499645596568468955784669794764511814813437
45142358867845594656978747767776678984996796969669584857786967586989899859675586689565966877447323578
68148286583522547997855874684948576867686479967947647965876886996499984646975988565947796323743536146
32384472112736278744758969479975757569957654789857576778887859874777669685599647667874811346183142883
28235675622678689748675488898585649459999795664784468878844496857788546457845654589696711885887467238
43346328157332837585858667899778775654844498899999685789885455749845666688945476974876417236824637526
47166871322421615445666576998578598888465787496967649849955949967459788879785855847756172133778831421
44748731547242531554994856679997869899674485747859744758948859849659669664896788476866545826267186657
61225733636862384476796986885797499696575599998599967567648759598565849555684756866767857768557514624
46242222256782383476846759487465879894585974969456855856875566856759848957648769747422358152518872243
31883568447752557654594586887798758787574799584776976684584979575787445899865765498425833352535326427
63143444182671687542775994576455975774567748878857444999788458674884976657785649596464421215738227173
72848178384848116131259998849576945784694465876947887944474467759589597488646545535641663156413787561
18865882713124838583678779847554659684678987767445885589598567597877977567988869468322733743567311517
13332451711866663578217845954547667699746947948865977859965879877555578498454795852176232785712833842
61274882487868543153564957497997579994767786969677597796465869676784658696985684484274716573162684361
33467865566658468561231114569586897478878698959747569859588649479499548897669816518831261878113237862
42476523843753676632777366458948557797495578789656745897744746576976974466842663111572365823325153864
33335767373487565324511327644886698455849789545669669998479776894878874476766124616161258881173545765
65511863815763726824126877475585577565575868675997895784577968768778996558132658232164377142785447222
66867537743368772134161768482186775458985669676875995676667959585674446746527244162513811477866323253
63483133882185532762228173467367846875587689677565797645974654476947796727222541366656357781185455857
51568772821337335616557648741575818975587966554887947697856497449949113742166827615578274848223323885
82855786674856163436452268458467813287877564767989449746849885645614728266368383575678373421417656861
46484753328166751245587464717365743427779564974578497559555746553483333648463875275435341841854176326
85758183621841316852518484134163818135168874747898594595958234576533813357318543774738245811427358313
41777453478758382318511348154881457142315632664786138817586414247812781114887475325382153646448572888
31151437686777143267688415266357135163844663775317384123664278287371164673412165444883722837113285763
28751321265186675153385562452217261383526522142651287663518711636486546852787386774467345873112667475
23178576433684737883823182734126888278628862385461851336827472661861331527711726378653736171456377686
18317471637345535858185614482752776384555462347734436136438227235557887111412458527833764446184322423
31284344632348177322776742863628827738383375254157124186452616147847414467747523575768153856684378775
16552682335255864112667153873416225821411218838434441366571457333886678411464245343148618117131355112
35113848131265687865628348177665156246512163322281843845353623556568564273421486872482422525448631415
51428176824235782757555834167246212351286647267778572376155731247287628881364238677667836371824761612
43425814563181782427563846257761161345636374231485125864842711862158285866871735281434815546673661641