11002841083
20810251172
22493141280
25852299645
26147126793
27779834748
34280376690
46923286519
58066507665
68142640299
89779390745
368430131081
539130379386
552031463116
898742176537
970913993536
1210475500167
1312743781115
1358812313175
1433257067741
1490685810098
1521923802918
1722449808782
1740672046612
1978747790506
2068007163205
2133410343291
2172840098073
2398047675667
2453746056350
2657333479533
2688583045146
2816347400814
2876480365234
2941626846258
2956769923942
2979320172636
3097130686388
3123762247790
3134721037659
3184008250924
3249267016698
3296005140997
3497100333454
3604330900124
3838748739340
3842020443386
4092990663170
4279586612162
4364592500609
4368903265441
4674203917768
4706672090905
4714326509771
4772949040035
4978183215506
4978635855661
5152683649025
5209063347321
5230990438698
5526939384184
5734561566667
6217681126579
6289333430702
6379825522617
6700524255040
6780361558570
6876690874856
6914085464266
7265404786756
7291735269233
7426497408221
7578187116690
7721215910113
7827519876032
8216941420961
8269874552175
8337945061205
8388766277504
8418194037977
8446126360182
8461757832394
8467667195526
8523501329002
8532008944539
8636295277530
8667671964641
8800608667393
8897436165104
8924234227751
8971178336590
9051773355317
9117479957124
9152248886800
9223903975391
9263540691072
9373262375709
9378699036643
9473053592899
9831976475655
