1:5,6,9,8,1,6,2,3,1,9,1,5,8,9,5,8,9,1,9,2,1,7,1,2,7,1,5,6,5,6
2:8,8,2,6,8,2,1,1,5,2,5,3,7,7,8,9,4,1,9,2,3,2,3,6,9,1,8,8,3,9
3:4,7,6,7,7,2,9,1,4,5,5,7,8,3,7,7,3,2,1,2,9,9,7,3,7,4,5,5,4,6
4:3,8,4,7,9,1,3,2,6,6,7,6,6,2,3,7,5,7,3,5,6,7,8,6,1,8,5,7,2,8
5:4,1,3,9,8,6,5,8,5,2,2,7,3,5,2,9,1,6,5,5,7,4,2,7,4,2,7,4,5,2
6:5,2,1,3,7,8,9,6,9,8,2,8,8,3,2,8,2,6,8,5,9,2,1,1,1,4,5,9,9,4
7:2,8,9,5,7,3,2,6,9,9,3,7,6,2,7,1,7,9,8,2,9,3,1,9,3,4,3,5,5,6
8:1,1,6,9,8,5,8,7,7,6,6,7,3,1,9,3,4,1,1,4,3,5,5,3,2,8,9,5,7,3
9:6,8,7,6,7,2,6,4,5,2,5,7,9,5,3,3,6,5,3,6,3,4,1,7,3,1,7,1,7,5
10:4,8,5,3,8,6,6,2,3,5,6,8,2,9,7,9,1,3,7,8,5,6,7,3,4,2,6,6,6,3
11:4,3,5,5,5,2,4,3,9,9,4,1,2,3,7,7,7,1,5,7,4,1,1,4,3,1,5,1,4,1
12:2,3,1,6,1,3,4,9,6,1,1,9,3,8,1,6,9,7,2,3,3,4,4,4,6,8,7,1,7,4
13:1,5,6,1,2,6,8,5,8,9,9,5,8,9,5,2,9,1,6,4,8,6,4,8,7,1,7,2,7,8
14:6,2,3,5,3,6,7,3,5,9,8,5,2,6,5,2,3,5,5,6,6,4,4,3,6,9,8,4,9,2
15:9,5,4,9,8,4,9,8,8,2,9,7,1,4,3,6,4,5,9,3,6,8,6,4,9,9,9,9,5,6
16:1,4,6,9,6,8,8,7,3,8,9,7,6,4,5,3,6,1,9,8,2,2,5,6,9,9,6,1,6,8
17:3,4,7,4,3,8,6,6,4,9,4,7,3,8,2,6,2,7,5,8,5,4,1,5,4,1,6,2,1,3
18:5,6,5,8,3,2,5,4,9,4,1,5,3,4,8,1,5,7,6,2,3,6,6,2,2,6,2,1,8,7
19:3,8,3,5,8,5,3,9,2,5,6,6,3,2,9,7,8,2,9,9,9,3,5,1,8,6,2,2,6,1
20:5,6,6,3,5,9,1,3,7,1,1,8,3,3,9,5,3,3,8,8,5,9,2,5,7,3,6,4,2,1
21:8,6,4,8,7,8,7,9,9,5,8,4,9,6,9,4,5,7,8,3,7,9,3,1,2,4,1,8,6,1
22:8,1,3,1,7,1,3,2,1,2,7,6,7,2,6,5,3,9,4,3,6,7,5,6,5,7,1,4,8,8
23:9,8,7,9,4,2,6,9,5,3,5,3,1,4,1,6,8,3,3,2,8,1,2,2,2,8,2,1,4,7
24:8,2,9,9,1,2,9,5,8,1,2,7,6,2,7,7,7,7,2,1,1,3,4,3,5,1,4,5,4,3
25:4,7,8,5,7,7,2,2,3,4,2,5,7,9,8,6,9,4,2,4,4,3,5,6,3,4,6,3,4,9
26:8,1,1,7,5,6,3,5,3,8,9,6,9,5,3,3,7,5,7,8,3,5,2,7,2,9,7,6,5,7
27:2,4,5,6,4,7,4,2,3,6,7,3,1,8,8,5,9,5,1,2,4,4,7,5,8,8,8,6,8,1
28:6,9,6,9,2,5,9,8,1,8,1,6,2,3,2,4,4,2,3,6,2,1,3,8,8,6,6,9,5,8
29:7,4,5,4,8,3,9,6,7,7,1,2,2,8,8,4,9,5,4,2,4,3,8,2,4,5,9,8,2,9
30:1,7,2,1,3,7,1,2,9,7,9,8,4,6,1,4,2,8,2,6,7,5,4,5,9,1,6,8,1,7
31:6,8,6,6,7,3,9,1,1,5,9,7,3,8,2,7,4,1,9,5,5,7,4,6,3,9,9,5,8,3
32:5,5,8,7,4,7,4,7,5,4,1,6,1,8,6,5,5,9,6,8,4,3,3,4,6,2,8,8,3,3
33:5,4,9,6,6,7,1,5,9,5,5,8,5,1,3,8,9,9,7,5,2,3,8,7,9,6,3,9,4,5
34:1,6,7,9,1,5,5,1,9,4,7,9,4,6,3,8,6,8,3,6,9,4,7,4,7,9,5,8,1,9
35:7,4,8,9,5,8,9,5,7,6,1,3,3,4,9,9,9,2,1,7,7,6,1,3,2,6,5,9,5,1
36:8,1,7,6,6,4,7,5,9,4,3,3,9,4,7,9,3,3,5,7,5,6,1,1,9,4,1,3,5,1
37:9,1,8,9,5,6,2,1,2,5,1,7,7,2,7,6,5,7,6,7,3,7,2,2,6,5,8,8,6,9
38:7,1,6,1,7,6,1,7,5,3,8,3,7,5,9,7,1,8,4,8,4,1,3,3,5,3,1,8,3,5
39:3,9,7,1,3,4,1,5,3,2,2,3,4,6,3,9,4,5,8,5,8,2,4,6,7,2,4,7,1,2
40:4,3,2,7,4,7,2,8,2,5,2,1,5,5,7,7,2,1,9,6,2,8,4,6,8,7,7,3,7,1
41:5,9,9,1,4,3,4,2,7,5,7,8,1,7,7,2,6,6,8,3,8,3,1,5,4,6,9,1,6,6
42:4,1,9,3,9,1,8,5,5,5,7,3,7,9,8,6,4,9,5,2,6,6,8,1,5,2,1,2,9,8
43:2,9,9,6,4,4,6,8,2,6,9,1,6,3,6,9,5,4,5,1,6,5,1,1,5,3,4,6,6,9
44:3,2,9,2,6,1,6,7,3,5,4,2,7,3,7,6,8,9,8,3,6,5,6,5,2,6,9,9,2,9
45:3,2,2,2,4,1,1,6,6,8,8,9,5,7,7,7,2,9,6,3,2,8,6,9,9,6,1,7,8,2
46:3,2,2,8,9,3,5,7,6,1,7,2,2,6,9,6,1,7,8,4,1,8,6,3,1,9,9,6,3,1
47:1,3,3,6,3,7,8,1,9,2,6,9,1,2,7,3,8,2,9,3,8,7,1,5,3,8,9,5,1,3
48:2,6,1,8,9,8,4,8,1,7,5,7,3,5,4,5,3,2,7,7,9,5,8,1,2,8,2,2,3,6
49:1,4,2,7,3,7,5,3,8,9,7,1,7,9,6,1,1,7,4,1,3,3,5,6,3,4,8,8,1,7
50:6,3,8,4,1,7,6,3,8,8,4,9,2,5,1,5,5,6,9,7,1,7,1,8,6,2,7,2,3,2
51:2,6,9,6,3,9,1,2,5,5,7,5,4,8,4,6,9,7,6,7,9,1,8,2,3,7,2,2,4,6
52:7,9,2,6,7,2,6,3,2,6,2,5,7,2,2,7,5,4,1,3,5,7,3,1,1,8,2,1,2,2
53:4,9,2,4,1,5,6,3,4,4,2,9,4,2,9,5,4,8,4,1,4,7,3,3,8,5,2,7,5,9
54:5,4,9,4,3,2,8,1,1,5,4,8,3,1,2,2,2,6,5,9,4,2,3,8,4,3,6,9,4,6
55:9,9,1,1,7,7,3,3,4,1,5,5,9,8,4,7,4,4,3,4,8,9,9,6,5,6,9,9,9,1
56:7,3,5,7,9,3,3,8,7,7,8,9,8,3,3,5,4,9,6,9,3,6,5,8,3,8,9,5,8,9
57:7,7,6,2,5,4,4,7,7,7,7,3,4,4,6,5,8,2,3,3,7,1,4,6,8,4,8,9,8,6
58:1,4,1,4,5,1,1,7,5,1,2,9,7,4,4,8,8,9,4,9,1,1,2,6,9,5,4,2,4,2
59:9,5,8,9,4,4,4,4,4,4,8,4,8,6,1,3,4,3,3,4,2,2,8,8,4,2,9,1,7,1
60:4,9,7,7,4,4,2,9,9,9,7,9,1,3,4,7,2,2,7,8,9,9,9,6,9,1,1,5,9,4
61:9,4,8,3,8,9,8,1,7,3,2,7,1,1,6,9,3,9,6,7,6,9,4,6,7,9,3,9,7,8
62:2,8,5,9,4,7,2,5,3,7,2,3,3,6,8,8,4,6,5,8,8,7,1,5,3,7,8,1,6,5
63:9,2,7,9,5,2,3,3,4,3,9,9,2,1,2,5,7,1,2,6,9,6,8,8,5,7,9,2,5,8
64:6,5,1,2,6,4,2,6,8,8,5,4,5,7,1,6,5,4,2,4,5,6,5,4,1,5,7,6,3,8
65:5,4,4,9,9,3,9,6,7,1,3,2,4,6,5,3,5,4,3,6,8,9,3,3,3,9,5,3,4,2
66:7,2,2,4,5,9,8,3,7,3,7,3,5,6,2,5,1,6,3,5,4,7,7,7,8,7,6,5,1,2
67:1,3,2,9,5,8,1,7,4,7,2,7,7,7,2,2,9,6,4,2,1,8,4,9,2,2,8,7,1,3
68:6,9,5,9,1,6,3,5,8,6,7,1,1,1,4,3,3,4,8,3,1,2,8,9,2,3,7,3,5,1
69:1,1,8,2,9,5,3,4,1,6,3,8,2,9,7,3,9,5,5,8,4,9,7,4,9,1,1,9,2,6
70:6,3,5,5,4,4,6,3,5,9,1,6,3,1,5,3,2,8,5,9,4,7,4,6,8,4,5,2,6,7
71:4,7,6,2,9,2,7,7,2,2,3,7,5,7,4,9,6,4,6,6,9,6,5,7,8,1,4,2,4,7
72:8,8,7,6,6,5,7,1,6,3,8,4,1,2,7,8,2,6,4,7,2,2,6,1,9,8,8,1,3,3
73:6,9,7,6,3,4,3,7,5,1,3,8,6,6,7,8,9,1,4,4,8,5,3,7,6,5,4,2,4,4
74:5,6,9,5,5,2,3,8,8,3,7,8,1,6,2,8,6,5,7,4,5,5,8,2,5,8,2,1,1,6
75:5,1,1,7,2,6,9,5,3,2,1,3,2,5,4,7,9,7,7,7,4,6,2,9,5,7,6,9,2,9
76:5,8,2,6,8,4,4,8,6,2,1,4,4,3,5,6,2,5,5,6,1,2,1,6,7,6,9,6,7,2
77:9,1,3,6,1,5,3,8,5,9,7,7,4,8,1,4,4,3,9,9,5,1,4,1,1,6,7,1,1,2
78:7,5,9,4,9,7,5,4,6,4,6,2,6,2,2,7,3,8,3,1,2,8,2,9,3,4,4,4,4,8
79:5,4,5,5,6,2,5,1,9,6,4,2,7,5,9,4,8,4,5,6,7,3,6,1,8,7,6,6,3,6
80:3,8,1,6,7,8,9,2,8,5,9,4,1,2,4,5,9,6,8,6,7,2,3,4,8,5,8,7,6,3
81:6,6,1,8,4,5,2,7,1,3,9,5,3,8,4,6,9,7,2,3,3,2,5,8,2,4,3,4,5,4
82:4,1,4,9,7,4,7,8,4,1,1,9,2,4,6,5,2,4,5,7,5,3,2,3,9,7,6,9,5,1
83:7,5,8,1,5,2,3,2,2,4,4,2,2,4,1,1,9,3,9,2,2,4,3,1,2,3,7,8,6,4
84:5,4,7,2,2,2,5,4,2,6,7,8,5,1,2,5,4,6,7,5,9,1,7,1,5,5,6,6,2,7
85:7,1,9,8,2,1,9,8,1,2,6,3,1,2,3,6,3,8,4,3,2,5,7,4,3,8,1,3,1,7
86:1,9,2,4,9,2,4,8,9,2,3,8,3,8,7,7,3,2,4,2,5,2,8,8,7,8,3,3,1,7
87:4,7,3,2,8,7,7,8,6,3,8,6,2,5,2,7,1,6,2,5,5,4,5,8,5,9,1,9,2,1
88:2,9,5,4,8,6,3,9,7,2,5,7,2,3,6,5,6,7,3,2,9,4,3,9,4,5,8,2,3,5
89:8,4,1,2,7,9,9,8,5,2,9,9,1,7,7,1,3,6,6,7,2,2,7,3,5,6,9,7,4,9
90:4,2,4,7,2,7,3,2,2,5,6,4,3,9,1,9,6,6,3,8,1,3,8,6,3,4,7,1,7,1
91:2,4,2,3,4,7,9,8,2,4,9,5,2,2,2,6,3,2,7,9,7,4,6,5,2,5,7,2,5,7
92:6,2,6,8,1,9,8,6,1,4,3,1,9,2,6,9,4,2,9,5,7,7,5,6,8,8,2,1,6,3
93:1,2,1,4,6,1,5,3,6,5,2,7,7,1,1,9,1,5,4,4,1,1,6,3,4,1,2,8,4,7
94:1,3,7,2,6,9,9,8,7,6,5,6,9,3,8,2,3,9,4,8,2,3,3,5,7,7,7,1,3,4
95:4,8,6,4,5,7,1,7,6,9,1,9,2,3,8,4,2,5,2,7,3,9,4,8,8,8,9,3,7,3
96:6,8,6,9,4,6,2,2,7,9,2,8,6,2,3,7,8,3,2,9,8,9,1,9,2,9,4,8,7,8
97:6,3,3,2,4,9,3,4,2,9,6,2,6,6,4,7,9,6,2,4,4,3,9,3,2,5,1,9,9,6
98:4,4,2,8,8,7,2,8,9,6,2,5,3,3,4,9,3,4,9,9,2,6,1,7,4,7,8,4,3,4
99:5,1,9,9,4,1,4,5,6,1,4,4,2,2,8,4,9,8,3,5,4,1,2,9,8,6,2,8,7,5
100:7,7,9,6,5,6,8,9,6,6,4,5,2,7,4,3,4,6,3,7,4,6,4,3,6,1,8,1,7,7
