1:1,5,3,8,7,6,8,7,5,2,4,5,9,1,4,6,8,1,8,6,6,8,4,5,9,4,9,9,8,5
2:3,2,9,9,4,7,9,5,9,5,5,5,7,3,5,8,7,9,6,9,5,4,5,5,6,9,9,5,3,5
3:4,7,3,6,1,9,9,8,2,7,7,8,2,8,9,4,2,5,3,8,4,8,6,3,5,7,9,9,8,4
4:1,9,3,6,5,1,6,5,8,3,2,8,5,1,8,4,9,2,4,3,5,2,6,8,9,9,7,5,9,4
5:2,5,9,7,6,3,5,5,2,9,2,1,9,7,1,4,7,3,5,7,8,1,4,1,1,2,3,6,9,2
6:7,7,4,7,1,7,3,5,9,2,8,9,6,7,1,3,2,5,8,5,1,2,5,9,6,2,1,7,6,1
7:7,9,8,5,5,4,8,8,8,3,8,9,2,4,8,7,6,4,9,3,4,8,4,9,7,1,4,8,9,4
8:1,1,8,4,8,7,4,4,4,3,6,7,9,9,3,2,7,3,4,6,1,3,6,2,7,4,9,5,7,4
9:6,3,2,3,7,6,6,6,5,5,6,7,3,6,5,1,9,6,9,9,7,6,2,1,3,3,3,6,2,5
10:7,5,4,5,7,2,8,9,2,8,4,2,2,6,9,6,4,8,1,6,4,7,9,7,2,6,2,4,4,8
11:6,8,2,4,4,2,7,9,9,3,5,1,7,5,2,1,1,3,2,4,4,4,3,6,9,4,1,5,3,6
12:7,5,3,7,1,8,7,7,9,7,9,8,9,8,3,8,1,1,5,1,5,2,6,2,9,3,4,7,3,7
13:2,2,7,7,9,1,5,6,5,7,8,2,5,5,5,6,9,5,6,6,1,5,7,1,9,3,8,4,6,4
14:9,7,7,4,5,7,6,1,1,8,9,3,1,6,8,3,8,8,4,6,9,2,7,3,7,4,9,4,8,6
15:7,5,4,5,7,2,8,9,2,8,4,2,2,6,9,6,4,8,1,6,4,7,9,7,2,6,2,4,4,3
16:2,1,4,3,3,1,6,8,5,5,4,3,4,9,8,9,5,5,5,9,3,8,1,1,1,5,1,2,1,1
17:2,8,9,7,1,5,4,4,6,8,9,4,2,3,3,7,3,5,1,3,6,1,7,4,5,6,8,9,9,2
18:8,4,7,4,1,4,5,7,1,2,2,1,4,3,9,1,8,9,7,6,2,3,8,7,1,6,8,4,6,4
19:5,3,8,7,5,8,1,7,7,9,1,8,4,8,1,8,5,3,6,7,8,9,4,1,4,2,8,3,7,2
20:5,1,3,1,8,7,5,7,4,8,1,8,2,5,4,9,6,4,8,3,1,1,1,7,3,7,9,3,7,9
21:3,8,2,8,3,3,4,5,5,4,9,9,2,3,3,5,5,3,4,8,5,1,3,8,9,6,5,1,7,1
22:2,2,5,7,3,5,9,6,3,9,1,6,2,5,7,5,9,1,9,5,3,6,1,4,8,5,3,4,4,2
23:1,9,3,6,5,1,6,5,8,3,2,8,5,1,8,4,9,2,4,3,5,2,6,8,9,9,7,5,9,1
24:9,5,8,5,6,8,3,8,8,9,7,8,4,7,8,7,4,3,6,8,7,7,3,1,9,4,5,6,4,2
25:6,9,3,2,8,8,6,4,3,7,8,4,8,9,8,7,9,7,4,7,1,3,5,1,3,3,8,7,4,8
26:4,2,1,1,4,8,3,2,2,6,6,1,5,4,2,6,8,2,6,4,9,8,6,8,2,8,7,3,2,9
27:6,3,3,6,2,8,3,6,4,5,5,2,9,5,3,4,5,8,3,1,4,1,4,6,6,8,8,9,5,2
28:9,3,4,8,2,9,3,8,5,8,1,5,7,8,8,6,1,3,5,4,3,6,4,5,5,1,5,6,9,8
29:6,5,7,2,6,5,5,2,1,3,7,6,3,6,2,8,8,7,9,3,5,2,2,5,9,2,7,8,2,3
30:5,2,6,1,4,2,9,1,1,5,2,6,7,7,6,1,4,5,7,7,6,9,7,9,7,8,2,4,9,4
31:6,1,9,3,7,9,3,7,7,7,4,2,4,3,4,9,4,5,2,6,3,3,2,9,8,1,3,6,8,3
32:4,1,6,3,7,8,4,3,7,5,4,3,8,4,7,2,7,6,3,3,8,6,7,6,9,8,8,9,1,3
33:7,9,8,5,5,4,8,8,8,3,8,9,2,4,8,7,6,4,9,3,4,2,4,9,7,1,4,8,9,5
34:2,5,9,7,6,3,5,5,2,9,4,1,9,7,1,4,7,3,5,7,8,1,4,1,1,2,3,6,9,1
35:3,2,9,9,4,7,9,5,9,5,5,5,7,3,5,8,7,9,6,9,5,4,5,5,6,9,9,5,3,2
36:9,2,3,7,9,8,4,4,6,2,3,8,5,8,2,7,1,6,7,3,6,8,4,7,8,4,8,5,5,2
37:8,4,8,4,7,3,7,6,9,1,6,8,4,6,7,2,8,4,3,6,9,9,4,8,6,9,7,7,7,4
38:5,2,6,1,4,2,9,1,1,5,2,6,7,7,6,1,4,5,7,7,6,9,5,9,7,8,2,4,9,4
39:6,3,3,6,2,8,3,6,4,5,5,2,9,5,3,4,5,8,3,1,4,1,4,6,6,8,8,9,5,1
40:2,8,9,7,1,5,4,4,6,8,9,4,2,3,3,7,3,5,1,3,6,1,7,4,5,6,9,9,9,2
41:8,8,6,2,9,9,7,9,2,1,8,7,2,5,6,2,2,2,9,5,8,2,2,6,5,2,5,5,2,6
42:1,3,8,9,9,2,6,6,1,5,4,3,7,8,2,6,9,1,3,5,1,8,8,8,7,9,4,8,1,9
43:2,1,5,9,5,8,5,8,8,8,8,6,5,5,5,5,7,3,7,1,5,3,3,7,6,1,6,3,4,4
44:5,8,1,5,6,9,8,2,3,3,2,8,1,1,8,4,7,2,6,4,7,9,4,6,4,4,4,3,6,8
45:4,4,3,8,9,3,2,7,3,5,3,7,5,8,6,5,7,6,4,3,6,1,9,9,7,2,4,4,5,7
46:5,3,4,3,4,8,6,7,8,5,5,4,5,5,7,6,5,7,6,5,8,1,7,1,2,6,6,5,5,1
47:2,6,6,7,1,5,1,4,6,3,1,9,7,7,4,6,8,1,3,6,1,3,8,7,3,6,5,8,4,8
48:2,9,8,2,9,5,3,1,5,6,9,1,1,3,4,2,7,8,8,6,8,5,7,3,1,3,9,4,9,5
49:8,8,9,1,5,4,2,8,6,7,9,1,6,8,1,9,4,7,2,8,3,5,3,3,7,1,4,3,9,5
50:6,2,7,7,8,8,5,5,9,4,3,8,3,5,6,3,7,6,9,9,7,6,2,4,2,2,2,5,9,8
51:7,4,2,9,3,5,8,1,1,9,2,3,2,5,7,9,4,9,2,5,4,5,9,8,5,1,9,4,7,6
52:8,8,7,9,5,2,9,4,6,3,8,2,4,8,4,3,8,5,9,7,5,9,3,8,8,9,3,9,5,5
53:2,2,7,7,9,1,5,6,5,7,8,2,5,5,5,6,9,5,6,6,1,5,7,1,9,3,8,4,1,4
54:8,4,8,4,7,3,7,6,9,1,6,8,4,6,7,2,8,4,3,6,9,9,4,8,6,9,7,7,7,6
55:6,9,5,5,4,8,3,9,2,1,9,5,5,3,3,4,3,2,1,9,5,2,9,7,2,3,8,5,3,9
56:1,6,6,5,7,1,8,5,6,7,4,6,9,7,6,9,2,9,2,2,6,2,1,6,1,3,8,3,7,6
57:9,9,5,7,3,2,9,5,3,2,4,4,9,2,7,2,3,4,3,5,5,9,8,9,3,2,1,2,9,7
58:4,6,2,4,9,1,4,6,7,9,9,3,4,6,1,3,4,8,9,7,3,1,1,2,6,7,6,6,5,3
59:6,8,2,6,2,5,6,2,4,9,9,7,1,5,6,5,9,3,9,7,3,8,9,7,1,7,7,4,2,1
60:1,5,9,7,3,4,7,1,3,2,5,9,4,7,8,8,7,5,3,2,8,4,5,3,9,3,7,6,1,2
61:4,3,9,8,8,5,4,1,3,1,8,6,3,1,3,7,2,7,6,3,7,1,3,9,5,5,6,3,9,6
62:6,8,8,7,4,6,2,5,8,4,4,1,5,2,7,3,1,1,7,1,1,9,5,2,7,3,8,9,5,2
63:2,1,8,2,7,5,7,3,6,8,5,9,1,8,5,6,9,1,5,8,2,8,2,7,8,8,4,3,3,1
64:6,4,7,8,4,2,2,6,3,5,7,9,2,8,9,9,9,7,7,4,9,4,2,9,6,6,5,6,7,4
65:6,4,5,3,5,3,9,2,2,5,6,8,4,8,5,3,8,5,9,4,9,6,4,2,2,8,4,1,8,3
66:7,6,1,4,8,1,8,2,1,4,2,1,8,7,7,8,3,1,8,9,9,6,7,5,6,6,2,9,7,7
67:7,4,2,8,8,8,6,3,4,4,3,6,4,8,7,9,1,1,8,4,5,2,2,9,8,4,8,6,3,2
68:6,6,4,5,6,7,1,1,8,6,4,4,7,9,5,3,9,8,4,8,3,4,7,8,8,9,3,2,9,1
69:6,4,2,5,5,3,3,1,4,2,2,7,7,7,2,9,3,9,1,1,4,7,4,7,8,9,9,3,4,6
70:8,8,7,9,3,1,3,4,8,8,6,4,2,8,9,6,9,2,8,7,7,6,8,4,7,8,1,5,7,9
71:2,4,5,4,6,8,2,8,4,1,9,2,7,4,9,4,7,8,1,6,4,5,3,6,9,3,8,6,5,8
72:2,9,4,4,9,1,2,2,6,1,3,5,1,7,4,8,5,9,3,1,2,5,2,9,7,4,9,5,3,7
73:2,2,6,2,8,9,2,6,2,5,2,1,8,3,3,7,4,3,9,3,6,8,6,3,2,2,8,5,8,4
74:8,5,6,4,7,5,4,7,6,1,6,8,7,9,4,6,7,1,6,1,7,3,3,8,7,6,3,2,1,1
75:6,1,1,1,3,5,5,4,3,9,7,6,1,4,1,3,6,5,7,6,3,3,6,4,9,4,4,7,7,9
76:7,2,3,1,3,6,5,9,6,9,8,7,7,1,8,2,8,7,2,9,2,4,5,6,6,5,3,6,2,6
77:9,5,1,4,1,9,2,1,6,5,9,4,5,2,2,7,2,1,4,9,3,5,9,8,7,7,1,2,2,4
78:5,2,6,5,8,7,5,6,7,9,2,8,1,1,2,8,3,1,1,4,3,7,4,2,4,7,9,8,1,6
79:2,3,2,4,2,4,1,8,8,8,7,3,5,5,1,9,2,1,8,4,5,4,7,8,5,6,4,7,4,8
80:8,6,6,3,4,5,8,6,3,4,8,1,2,3,2,1,1,5,1,9,2,9,6,5,1,6,5,2,2,2
81:3,4,2,7,3,5,4,8,7,7,5,4,7,1,1,8,8,4,2,5,2,7,7,2,1,4,3,5,7,9
82:6,6,5,3,4,8,1,8,8,5,7,9,5,8,4,4,6,6,4,4,7,3,8,2,7,7,8,1,7,9
83:7,5,3,7,1,8,7,7,9,7,9,8,9,8,3,8,1,1,5,1,5,2,6,2,9,3,4,7,3,2
84:5,3,8,7,5,8,1,2,7,9,1,8,4,8,1,8,5,3,6,7,8,9,4,1,4,2,8,3,7,6
85:6,9,3,8,3,9,9,6,2,4,5,6,1,7,4,6,8,9,1,6,4,3,6,9,6,2,4,2,2,8
86:3,8,7,8,8,7,3,4,5,1,1,5,6,3,3,6,6,3,1,5,4,6,1,5,6,4,5,4,3,4
87:9,9,8,6,1,2,6,3,4,9,6,3,2,7,2,7,6,5,3,7,3,2,3,4,9,1,3,4,7,3
88:3,5,1,4,9,1,8,3,2,5,9,6,5,9,5,1,3,4,4,3,7,7,2,6,1,2,5,9,5,1
89:6,5,7,2,6,5,5,2,1,3,7,6,3,6,2,8,8,7,9,3,5,2,2,5,9,2,7,8,2,7
90:1,6,7,5,5,7,5,2,8,1,3,5,6,9,6,8,6,8,4,3,2,9,5,6,3,8,6,7,6,2
91:2,5,5,1,3,5,3,8,5,4,8,1,1,4,4,4,3,9,8,3,7,9,4,4,4,5,2,7,5,3
92:9,2,9,7,7,1,2,1,4,2,4,9,1,8,8,3,7,6,4,2,6,9,8,3,9,4,1,6,4,8
93:3,7,9,8,3,7,2,9,2,7,1,7,9,3,7,5,6,6,9,6,8,2,9,7,2,1,8,5,7,9
94:9,8,5,4,1,1,6,3,8,2,5,4,8,9,2,2,1,6,8,3,3,2,9,4,7,2,5,3,6,8
95:8,5,3,1,1,6,1,1,2,3,2,4,9,2,4,1,4,2,7,3,5,6,5,3,5,8,9,7,9,6
96:5,2,6,1,4,2,9,1,1,5,2,6,7,7,6,1,4,5,7,7,6,9,5,9,7,8,2,4,9,2
97:4,1,8,9,7,3,7,7,3,2,8,2,3,4,1,5,9,4,8,1,5,5,8,1,7,5,6,1,4,2
98:6,3,2,4,4,6,6,7,5,7,3,8,9,3,8,7,4,4,4,6,7,7,4,1,8,6,6,2,1,9
99:7,6,1,4,8,1,8,2,1,4,2,1,8,7,7,8,3,1,8,9,9,6,7,5,6,6,2,9,7,5
100:8,5,5,9,6,4,1,4,8,2,6,3,6,3,2,3,9,4,7,2,7,7,6,4,3,9,8,7,1,6
101:1,7,1,1,1,3,4,6,1,8,5,7,5,8,4,8,9,7,7,4,2,1,7,6,1,4,9,6,3,2
102:3,7,9,4,6,9,6,5,1,1,9,6,6,2,9,2,2,9,5,3,8,2,5,9,4,6,7,6,8,9
103:3,1,9,2,7,3,1,2,3,1,5,2,8,2,8,5,9,6,8,1,3,7,6,9,3,7,3,7,6,8
104:4,5,7,7,2,6,4,6,4,9,7,8,4,7,2,8,5,2,3,4,4,5,1,7,2,2,5,3,1,6
105:4,3,7,5,9,2,3,4,6,3,2,4,6,7,9,8,2,4,8,2,8,2,2,5,4,8,7,3,1,6
106:1,7,1,9,6,5,2,4,8,3,1,5,3,4,5,9,4,6,1,6,8,5,8,9,2,1,9,2,6,9
107:6,8,2,4,4,2,7,9,9,3,5,1,7,5,2,1,1,3,2,4,4,4,3,6,9,4,1,5,3,4
108:3,8,7,8,8,7,3,4,5,1,1,5,6,3,3,6,6,3,1,5,4,6,1,5,6,4,5,4,3,9
109:3,8,3,2,6,7,4,6,9,6,1,2,9,3,8,3,7,4,2,9,6,2,5,8,2,6,6,1,4,4
110:6,7,1,3,8,3,8,5,4,9,2,9,2,2,9,9,7,6,5,9,2,3,1,3,8,9,3,3,3,7
111:6,9,3,2,8,8,6,4,3,7,8,4,8,9,8,7,9,7,4,7,1,3,5,1,3,3,8,7,4,6
112:6,4,5,3,5,3,9,2,2,5,6,8,4,8,5,3,8,5,9,4,9,6,4,2,2,8,4,1,8,9
113:1,5,1,2,4,1,1,3,1,3,1,3,6,4,3,8,1,2,3,9,9,9,2,9,2,1,6,6,5,6
114:1,6,9,5,5,9,2,8,4,8,7,6,7,7,4,3,9,8,6,3,6,2,7,6,9,3,2,5,2,9
115:2,9,2,2,8,2,2,4,6,1,4,2,9,5,8,6,5,9,6,6,5,9,9,5,6,4,3,2,3,6
116:1,6,5,6,2,3,9,7,2,5,1,2,2,7,9,7,5,1,1,5,5,1,3,2,1,9,2,5,4,2
117:7,8,9,4,8,6,6,1,8,7,8,3,3,8,3,6,8,7,9,8,6,9,8,3,2,9,3,2,2,7
118:3,8,2,8,3,3,4,5,5,4,9,9,8,3,3,5,5,3,4,8,5,1,3,8,9,6,5,1,7,1
119:9,5,5,9,6,4,1,4,8,2,6,3,6,3,2,3,9,4,7,2,7,7,6,4,3,9,8,7,1,4
120:9,4,6,1,9,6,9,3,7,9,5,3,7,7,6,1,1,6,2,8,3,1,8,3,8,2,3,2,6,5
121:8,5,6,4,7,5,4,7,6,1,6,8,7,9,4,6,7,1,6,1,7,8,3,8,7,6,3,2,1,1
122:2,2,7,7,9,1,5,6,5,7,8,2,5,5,5,6,9,5,6,6,1,5,7,1,9,3,8,4,1,4
123:8,7,6,2,8,1,5,4,8,2,8,2,5,1,9,5,6,4,1,2,4,2,7,2,1,7,3,9,6,7
124:2,8,6,1,2,1,6,3,7,5,3,9,2,8,8,9,6,1,5,3,2,9,9,8,8,3,4,8,9,1
125:2,1,9,9,8,4,4,2,3,6,4,5,6,6,8,3,2,8,6,3,8,8,5,6,3,1,3,1,1,1
126:4,7,4,3,8,6,8,9,4,5,9,4,4,3,4,3,3,4,2,1,7,3,4,8,2,9,5,2,9,3
127:5,7,9,1,1,2,1,3,9,2,1,7,6,1,8,6,5,2,6,6,3,4,5,5,5,8,6,5,8,8
128:9,3,5,3,5,6,7,4,2,1,2,3,7,4,9,1,6,5,2,3,8,9,2,4,2,1,4,5,6,2
129:2,1,4,3,3,1,6,8,5,5,4,3,4,9,8,9,5,5,5,9,3,8,1,1,1,5,1,7,1,1
130:8,1,4,3,9,6,7,1,7,8,4,7,4,9,3,7,3,6,6,1,7,3,7,7,5,3,8,1,6,5
131:3,6,4,2,6,9,2,6,4,7,3,2,3,5,2,2,7,5,9,9,1,2,6,2,7,6,9,6,9,9
132:5,8,1,5,7,9,1,8,4,9,2,6,6,1,8,5,4,3,8,9,3,3,9,9,1,3,2,3,7,6
133:2,9,9,9,1,7,3,3,3,6,9,8,5,4,6,2,4,6,7,5,5,9,9,1,8,6,9,8,4,2
134:2,5,4,9,8,5,5,2,2,2,8,4,9,9,8,2,1,1,1,2,1,7,9,4,1,1,2,9,3,6
135:3,7,9,8,3,7,2,9,2,7,1,7,9,3,7,5,6,6,9,6,8,1,9,7,2,1,8,5,7,4
136:8,2,6,8,2,9,5,7,6,9,9,7,2,2,9,6,6,9,2,4,9,3,5,2,4,1,5,7,1,6
137:1,5,9,3,8,1,7,4,1,2,4,8,8,8,1,5,7,3,8,9,5,7,9,5,9,1,9,7,6,6
138:8,3,4,3,9,8,3,1,4,5,6,8,4,6,3,7,5,5,5,1,6,3,6,4,9,5,7,1,3,2
139:1,4,4,4,1,6,1,9,9,4,6,7,1,9,1,7,6,5,6,5,6,4,3,5,9,7,2,5,6,6
140:8,5,3,1,1,6,1,1,2,3,2,4,9,2,4,1,4,2,7,3,5,6,5,3,5,8,9,2,9,5
141:8,2,5,4,2,3,4,2,5,8,6,4,5,6,8,8,1,9,2,5,7,9,4,1,3,7,4,4,7,8
142:5,1,1,2,7,4,4,1,7,3,3,5,3,2,5,5,8,7,5,3,1,9,6,1,6,8,6,5,1,6
143:2,7,7,9,2,5,3,2,2,1,3,8,5,3,4,7,9,2,3,8,5,6,9,6,1,2,1,3,7,1
144:7,8,4,1,5,5,8,5,8,7,7,6,5,9,3,9,3,9,8,3,5,4,7,5,1,1,3,4,5,2
145:6,6,2,3,6,8,4,4,1,5,9,5,5,3,1,6,4,8,5,3,2,7,6,8,7,1,9,6,2,1
146:2,1,9,9,8,2,5,7,9,3,1,1,8,7,6,9,3,1,3,6,7,5,4,3,4,2,1,3,3,4
147:5,2,1,8,1,3,4,4,5,8,4,5,1,7,3,5,5,1,5,2,5,9,5,1,2,7,1,2,1,3
148:3,9,6,3,3,5,4,2,2,6,6,2,5,5,2,5,4,4,8,8,1,3,2,5,4,8,5,5,1,8
149:6,4,4,1,4,8,5,4,9,1,6,4,5,5,6,9,8,9,7,6,7,6,3,8,8,1,9,7,9,5
150:9,2,3,7,9,9,4,4,6,2,3,8,5,8,2,7,1,6,7,3,6,8,4,7,8,4,8,5,5,4
151:8,2,9,9,1,9,7,2,2,7,9,4,6,8,2,9,3,7,7,2,8,4,3,8,1,3,3,8,5,6
152:3,2,1,3,1,5,8,8,5,4,4,6,8,4,7,6,4,1,8,9,6,3,4,4,3,8,3,7,4,1
153:2,4,1,1,1,8,3,6,4,3,4,3,4,4,1,5,1,7,5,3,6,6,5,2,4,8,9,3,4,7
154:2,4,3,1,7,9,3,3,6,9,1,9,9,6,8,9,1,3,6,5,8,7,7,7,6,9,1,5,1,4
155:4,7,3,6,1,9,9,8,2,7,7,8,2,8,9,4,2,5,3,8,4,8,6,3,5,7,9,9,8,4
156:7,1,3,3,9,7,7,7,9,2,6,7,6,1,5,2,7,5,2,9,9,8,4,6,7,8,2,6,6,4
157:7,6,1,2,6,7,7,8,6,7,1,1,2,8,5,1,3,8,3,4,3,8,8,2,2,1,2,4,5,4
158:9,4,8,6,1,2,6,3,4,9,6,3,2,7,2,7,6,5,3,7,3,2,3,4,9,1,3,4,7,8
159:1,9,1,8,7,7,5,8,2,5,8,3,5,9,3,2,4,4,5,1,2,8,2,2,3,6,9,1,8,8
160:6,4,7,8,4,2,2,6,3,5,7,9,2,8,9,9,6,7,7,4,9,4,2,9,6,6,5,6,7,8
161:9,1,9,2,3,9,7,3,7,1,3,6,7,6,2,3,9,9,2,6,7,4,2,2,2,3,9,3,3,8
162:4,9,5,1,2,9,6,7,7,9,8,2,1,8,8,6,4,4,1,2,9,6,6,1,9,1,3,7,2,3
163:9,2,3,7,9,9,4,4,6,2,3,8,5,8,2,7,1,6,7,3,6,8,4,7,8,4,8,5,5,2
164:9,3,9,9,3,5,7,2,8,8,2,4,2,6,8,4,9,8,8,6,3,9,3,8,8,2,4,9,3,8
165:2,5,4,9,8,5,5,2,7,2,8,4,9,9,8,2,1,1,1,2,1,7,9,4,1,1,2,9,3,6
166:3,9,2,9,9,7,8,1,5,3,5,2,8,7,2,3,9,7,1,3,8,3,2,4,8,7,7,8,4,9
167:1,7,1,9,1,5,2,4,8,3,1,5,3,4,5,9,4,6,1,6,8,5,8,9,2,1,9,2,6,5
168:7,1,3,3,9,7,7,7,9,2,6,7,6,1,5,2,7,5,2,9,9,8,4,6,7,8,2,6,6,6
169:3,1,3,7,3,4,4,1,8,8,9,9,3,4,6,1,9,2,1,9,9,2,9,8,2,9,8,8,5,9
170:8,2,7,3,8,1,9,8,8,2,9,1,3,5,2,4,4,5,2,1,1,6,2,1,5,1,4,7,7,8
171:3,5,6,2,7,6,6,3,9,3,3,8,3,2,5,8,9,8,7,9,7,4,3,7,9,3,1,2,1,8
172:6,7,1,3,8,3,8,5,4,9,2,9,2,2,9,9,7,1,5,9,2,3,1,3,8,9,3,3,3,7
173:4,7,4,3,8,6,8,9,4,5,6,4,4,3,4,3,3,4,2,1,7,3,4,8,2,9,5,2,9,1
174:1,3,2,5,8,1,5,2,7,3,9,9,8,9,3,7,8,7,2,9,9,1,9,2,1,8,2,7,7,9
175:5,3,2,5,1,2,6,6,8,9,6,9,4,3,4,5,1,9,3,4,2,1,8,2,9,4,7,3,1,6
176:1,1,2,2,4,2,1,4,6,3,4,1,9,1,5,2,6,3,2,4,1,7,5,6,5,6,9,7,4,8
177:6,3,2,3,7,6,6,6,5,5,6,7,9,6,5,1,9,6,9,9,7,6,2,1,3,3,3,6,2,4
178:8,4,7,4,1,4,5,7,1,2,2,1,4,3,9,1,8,9,7,6,2,3,8,7,1,6,8,3,6,2
179:4,5,4,4,6,3,5,6,1,3,2,5,6,2,2,5,5,7,3,3,9,8,5,3,3,7,1,3,2,7
180:9,5,1,5,6,8,3,8,8,9,7,8,4,7,8,7,4,3,6,8,7,7,3,1,9,4,5,6,4,2
181:2,9,2,2,8,2,2,7,6,1,4,2,9,5,8,6,5,9,6,6,5,9,9,5,6,4,3,2,3,3
182:1,8,7,3,3,5,8,7,3,3,9,3,5,8,7,1,2,2,9,7,7,1,7,4,2,1,8,3,6,9
183:6,6,8,1,4,9,4,9,1,5,9,2,6,9,7,1,2,5,9,4,1,4,7,5,7,1,7,8,4,6
184:3,8,9,1,3,3,3,8,3,6,4,6,7,7,6,8,7,1,7,9,8,1,8,1,3,2,9,8,6,2
185:7,4,2,9,3,9,8,1,1,9,2,3,2,5,7,9,4,9,2,5,4,5,9,8,5,1,9,4,7,6
186:3,2,9,9,4,7,9,5,9,7,5,5,7,3,5,8,7,9,6,9,5,4,5,5,6,9,9,5,3,2
187:9,3,8,5,2,4,6,4,1,4,8,1,5,2,6,1,7,3,9,4,8,8,6,7,1,9,2,8,2,9
188:6,7,8,6,2,6,6,3,3,2,8,2,3,1,1,4,2,8,2,8,6,8,8,8,7,9,3,4,6,7
189:9,1,9,2,3,9,7,3,7,1,3,6,7,6,2,3,9,9,2,6,7,4,2,2,2,3,9,3,2,4
190:9,9,6,3,9,1,8,5,7,6,3,1,1,3,7,3,6,9,7,2,8,9,9,1,6,4,6,8,4,1
191:4,3,9,8,8,5,4,1,3,1,8,6,3,1,8,7,2,7,6,3,7,1,3,9,5,5,6,3,9,5
192:2,2,7,3,1,7,7,1,8,7,1,3,6,9,8,8,4,4,8,2,4,1,6,4,1,3,1,5,6,1
193:4,4,5,8,5,7,6,1,5,9,2,2,2,5,1,9,9,6,5,3,6,1,1,3,1,9,1,9,8,9
194:7,3,9,5,1,2,7,5,6,2,8,4,1,9,3,1,7,7,7,9,2,5,4,5,7,1,6,3,2,1
195:1,7,1,9,6,5,2,4,8,3,1,5,3,4,5,9,4,6,1,6,8,5,8,9,2,1,9,2,6,5
196:8,8,4,1,7,2,5,4,7,2,7,3,3,2,4,4,5,4,4,7,7,4,1,7,7,3,2,1,4,9
197:2,3,4,3,1,9,4,2,6,5,6,1,9,2,1,1,9,7,1,6,1,7,4,3,7,6,8,1,5,1
198:3,6,4,2,6,9,2,6,1,7,3,2,3,5,2,2,7,5,9,9,1,2,6,2,7,6,9,6,9,9
199:6,1,1,1,3,5,5,4,3,9,7,6,1,4,1,3,6,5,7,6,3,3,6,4,9,4,4,7,7,6
200:5,1,3,1,8,7,5,7,4,8,1,8,2,5,4,9,6,4,8,3,1,1,1,7,3,7,9,3,7,7
201:9,7,6,1,2,9,1,5,1,4,4,5,9,4,9,7,2,8,4,9,5,8,2,2,7,7,7,8,3,5
202:2,4,2,4,5,7,3,2,2,9,1,7,6,3,4,7,9,4,8,6,9,9,5,3,8,7,6,3,6,9
203:8,7,7,6,8,5,9,8,2,5,6,5,9,3,4,2,6,5,3,4,8,5,6,6,5,9,3,2,8,3
204:1,9,3,6,5,1,6,5,8,3,2,8,5,1,8,4,9,2,4,3,5,2,6,6,9,9,7,5,9,4
205:4,4,7,4,4,7,2,1,6,5,8,4,9,8,9,5,6,3,2,9,3,4,6,3,4,3,9,2,7,5
206:5,3,2,3,9,5,3,2,9,2,2,2,2,1,1,3,7,5,3,9,8,9,4,1,3,7,6,5,6,5
207:4,1,1,1,1,3,1,9,7,9,2,2,5,7,1,7,2,6,8,8,6,7,7,2,6,1,7,3,5,4
208:2,4,9,8,7,9,8,9,1,7,7,6,9,7,7,4,8,1,8,5,8,7,2,7,5,1,8,6,1,2
209:9,9,1,9,2,9,9,6,3,8,2,4,1,4,5,3,4,9,2,5,3,1,5,5,3,9,2,5,9,1
210:6,1,9,3,7,9,3,7,7,7,4,2,4,3,3,9,4,5,2,6,3,3,2,9,8,1,3,6,8,5
211:3,8,2,8,3,3,4,5,5,4,9,9,8,3,3,5,5,3,4,8,5,1,3,8,9,6,5,1,7,5
212:5,3,2,8,8,2,3,2,4,6,4,9,3,8,1,2,3,7,8,6,5,1,7,2,5,6,8,5,6,8
213:3,4,6,7,4,1,5,6,8,6,3,4,8,9,4,2,3,3,7,5,7,7,1,3,8,9,5,8,9,1
214:6,8,2,6,2,5,6,2,4,9,9,7,1,5,6,5,9,3,9,7,3,8,9,7,1,7,7,4,2,2
215:8,9,5,6,7,1,8,4,2,8,2,6,7,8,2,6,9,4,1,5,7,7,1,3,2,5,2,6,3,2
216:5,2,1,2,5,3,3,7,3,2,9,5,5,4,1,3,3,5,7,4,5,7,4,1,9,2,2,9,8,9
217:4,1,3,2,7,6,5,4,1,7,3,5,3,9,3,1,4,1,4,4,9,4,7,3,3,3,5,5,8,5
218:6,4,5,3,5,3,9,2,2,5,6,8,4,8,5,3,8,5,9,4,9,6,4,3,2,8,4,1,8,3
219:2,2,5,7,3,5,9,6,3,9,1,6,2,5,7,5,9,1,9,5,3,6,1,4,8,5,3,4,4,9
220:8,4,7,4,1,4,5,7,1,2,2,1,4,3,9,1,8,9,7,6,2,3,8,7,1,6,8,3,6,4
221:9,3,6,2,1,7,4,2,4,3,3,3,7,5,2,6,2,9,2,9,6,7,6,9,7,5,6,5,5,1
222:8,8,6,2,9,9,7,9,2,2,8,7,2,5,6,2,2,2,9,5,8,2,2,6,5,2,5,5,2,5
223:4,4,6,1,7,5,7,6,1,7,7,7,4,8,3,1,6,5,6,6,5,4,8,5,2,9,3,6,8,3
224:8,1,3,9,4,8,5,4,2,6,5,2,9,5,1,2,8,4,1,5,7,4,3,1,1,8,1,8,1,3
225:9,2,7,2,9,4,4,5,7,2,8,4,1,1,6,6,6,6,2,1,6,3,3,8,7,2,2,5,1,7
226:6,5,9,7,2,4,9,6,8,6,1,8,9,8,4,6,3,8,6,9,8,3,5,9,2,2,8,5,8,4
227:3,2,8,4,5,5,2,9,5,3,8,6,9,8,2,6,8,7,4,6,8,2,6,4,9,2,4,8,7,2
228:3,9,8,2,4,2,6,2,7,8,8,9,5,6,7,3,2,8,5,5,6,9,5,4,7,3,1,2,4,3
229:6,7,1,1,9,1,2,1,2,3,4,1,9,9,7,4,8,3,6,1,2,5,9,3,6,2,2,2,7,8
230:9,5,1,5,6,8,3,8,8,9,7,8,4,7,8,7,4,3,6,8,7,7,3,1,9,4,5,6,4,1
231:9,3,4,8,2,9,3,8,2,8,1,5,7,8,8,6,1,3,5,4,3,6,4,5,5,1,5,6,9,8
232:8,8,7,1,7,6,3,2,3,9,4,9,1,8,2,6,9,6,9,2,1,5,3,8,5,2,2,1,7,3
233:3,5,6,2,7,6,6,3,9,3,3,8,3,2,5,8,9,8,7,9,7,4,3,7,9,3,1,2,1,7
234:8,4,8,4,7,9,7,6,9,1,6,8,4,6,7,2,8,4,3,6,9,9,4,8,6,9,7,7,7,6
235:2,8,7,7,4,5,6,5,8,1,7,9,1,1,8,1,9,5,8,8,6,8,7,4,6,8,9,5,5,6
236:4,6,2,7,9,1,4,6,7,9,9,3,4,6,1,3,4,8,9,7,3,1,1,2,6,7,6,6,5,8
237:3,3,6,2,1,1,7,5,8,2,1,7,6,9,8,6,6,4,8,1,5,2,9,4,3,2,3,8,9,7
238:1,6,9,5,5,9,2,8,4,8,7,6,7,7,4,3,9,8,6,3,6,8,7,6,9,3,2,5,2,9
239:9,5,5,7,5,4,9,5,6,5,5,6,8,8,9,4,2,9,9,5,4,4,1,2,6,6,7,2,1,6
240:5,6,5,8,3,7,8,2,4,8,7,5,8,6,2,6,8,6,3,7,4,9,4,3,1,7,8,9,5,2
241:4,1,8,9,7,3,7,7,3,2,8,2,3,4,1,5,9,4,8,1,5,5,8,1,7,5,6,1,2,2
242:4,1,8,9,7,3,7,7,3,2,8,2,3,4,1,5,9,4,8,1,5,5,8,1,7,5,6,1,4,7
243:1,5,5,2,1,1,7,7,3,4,5,6,5,2,4,8,3,8,5,5,2,9,3,9,4,2,9,9,6,2
244:8,8,5,3,7,8,6,8,7,3,3,8,1,8,3,7,6,2,1,1,7,1,3,3,5,6,9,7,1,8
245:3,3,7,7,7,8,6,9,7,1,9,7,3,9,1,5,6,4,2,5,4,2,8,8,9,3,7,5,4,7
246:2,9,2,2,8,2,2,7,6,1,4,2,9,5,8,6,5,9,6,6,5,9,9,5,6,4,3,2,3,6
247:7,9,8,5,5,4,8,8,8,3,8,9,2,4,8,7,6,4,9,3,4,8,4,9,7,1,4,8,9,5
248:1,5,9,7,4,7,3,6,7,3,5,1,6,4,1,6,5,8,8,5,6,7,5,6,2,6,3,5,5,8
249:9,3,4,8,2,9,3,8,5,8,1,5,7,8,8,6,1,3,5,4,3,6,4,5,5,1,5,6,9,8
250:3,6,4,2,6,9,2,6,4,7,3,2,3,5,2,2,7,5,9,9,1,2,6,2,7,6,9,6,9,2
251:2,2,5,7,3,5,9,6,3,9,1,6,2,5,7,1,9,1,9,5,3,6,1,4,8,5,3,4,4,2
252:3,2,1,3,1,5,8,8,5,4,4,6,8,4,7,6,4,1,8,9,6,3,4,4,3,8,3,4,4,4
253:7,8,9,8,1,7,2,5,8,1,6,7,1,1,8,4,8,4,2,2,8,7,7,1,9,5,8,7,6,8
254:8,9,1,5,3,7,7,2,6,1,3,8,3,4,6,4,5,9,7,9,4,3,3,2,4,5,6,1,1,3
255:7,4,2,9,3,9,8,1,1,9,2,3,2,5,7,9,4,9,2,5,4,5,9,8,5,1,9,4,7,2
256:2,3,4,3,1,9,4,2,6,5,6,1,9,2,1,1,9,7,1,6,1,7,4,3,7,1,8,1,5,9
257:5,2,6,5,8,7,5,6,7,9,2,8,1,1,2,8,3,1,1,4,3,7,4,2,4,7,9,8,1,7
258:7,8,4,5,6,6,2,3,7,8,1,2,4,8,9,8,1,5,3,4,5,7,4,2,6,4,2,5,1,9
259:3,6,9,1,3,2,8,5,6,9,7,9,7,5,8,6,6,5,3,6,9,5,2,7,9,1,1,8,7,4
260:7,8,4,1,5,5,8,5,8,1,7,6,5,9,3,9,3,9,8,3,5,4,7,5,1,1,3,4,5,8
261:9,5,1,4,1,9,2,1,6,5,9,4,5,2,4,7,2,1,4,9,3,5,9,8,7,7,1,2,2,5
262:4,3,7,5,9,2,3,4,6,3,2,4,6,7,9,8,2,4,8,2,8,2,2,5,4,8,7,3,1,8
263:8,6,9,4,6,4,2,7,2,3,6,8,6,3,1,5,4,3,8,6,7,4,8,2,6,1,7,7,1,3
264:7,1,2,7,9,7,6,5,8,2,9,2,8,8,2,4,6,9,6,4,4,8,7,9,5,8,7,2,3,3
265:5,2,8,4,7,5,1,8,2,6,8,3,2,9,1,2,4,2,5,8,7,8,4,9,4,5,5,4,6,8
266:4,7,3,6,1,9,9,8,2,7,7,8,2,8,5,4,2,5,3,8,4,8,6,3,5,7,9,9,8,4
267:8,5,8,9,4,7,5,9,8,9,5,3,8,5,4,1,2,9,7,4,2,4,1,4,6,1,8,9,9,7
268:7,3,3,3,1,4,7,2,6,1,1,9,5,9,6,1,9,2,4,4,1,7,6,4,3,6,4,9,3,2
269:5,3,8,7,5,8,1,2,7,9,1,8,4,8,1,8,5,3,6,7,8,9,4,1,4,2,8,3,7,2
270:6,2,2,2,6,8,7,7,2,2,9,7,5,8,9,7,4,9,2,5,6,6,7,4,1,7,5,5,6,1
271:7,8,2,9,1,9,8,8,2,1,8,7,4,8,8,2,1,5,9,1,6,2,4,7,1,6,9,5,5,7
272:1,1,8,4,8,7,4,4,4,3,6,7,9,9,3,2,7,3,4,6,1,3,6,6,7,4,9,5,7,4
273:3,3,6,2,1,2,7,5,8,2,1,7,6,9,8,6,6,4,8,1,5,2,9,4,3,2,3,8,9,4
274:7,3,9,5,1,2,7,5,6,2,8,4,1,9,3,1,7,7,7,9,2,5,4,5,7,1,6,3,2,7
275:3,7,8,1,3,5,5,3,8,3,3,8,4,7,2,7,3,2,5,2,3,6,5,3,1,3,8,1,8,1
276:4,1,8,3,7,8,4,3,7,5,4,3,8,4,7,2,7,6,3,3,8,6,7,6,9,8,8,9,1,3
277:5,6,5,8,3,7,8,2,4,8,7,5,8,6,2,6,8,6,3,7,4,9,4,3,1,7,8,9,5,1
278:6,7,5,8,2,4,2,7,2,1,3,3,3,3,6,6,6,6,9,8,1,7,6,6,5,1,4,5,2,1
279:1,1,1,2,2,5,7,2,2,2,4,9,3,3,8,5,5,9,5,2,1,5,2,9,2,1,6,7,9,9
280:7,9,2,5,6,8,3,8,6,4,9,9,4,3,9,2,1,9,3,4,7,9,3,3,7,6,5,3,9,3
281:9,7,7,2,5,3,5,6,1,1,4,5,7,4,6,6,9,6,4,3,3,4,3,2,5,7,2,8,1,6
282:2,8,1,3,3,7,5,8,5,1,2,1,8,7,6,5,5,2,7,5,4,2,4,2,8,6,1,5,9,2
283:6,5,4,5,2,5,7,6,7,2,4,1,7,7,1,4,8,2,4,4,9,4,4,6,4,1,6,8,1,1
284:9,3,9,8,1,5,2,2,7,4,4,1,7,7,8,1,7,4,4,8,4,3,5,6,1,9,3,7,9,9
285:6,7,8,6,2,6,6,3,3,2,8,2,3,1,1,4,2,8,2,8,6,8,8,8,7,9,3,4,6,5
286:2,1,5,9,4,4,9,2,1,7,1,9,1,9,5,5,7,7,2,9,8,5,7,6,1,9,7,4,4,3
287:6,1,9,3,7,9,3,7,7,7,4,2,4,3,3,9,4,5,2,6,3,3,2,9,8,1,3,6,8,3
288:9,5,1,4,1,9,2,1,6,5,9,4,5,2,4,7,2,1,4,9,3,5,9,8,7,7,1,2,2,4
289:3,5,6,2,7,6,1,3,9,3,3,8,3,2,5,8,9,8,7,9,7,4,3,7,9,3,1,2,1,7
290:9,3,2,7,5,1,8,9,3,9,3,9,5,6,9,7,5,2,2,5,9,4,3,8,1,9,6,3,7,3
291:9,1,3,9,9,2,6,5,5,4,2,6,6,7,6,7,8,9,4,8,7,4,4,9,7,4,3,8,8,4
292:9,9,8,2,2,5,5,8,2,5,5,9,8,6,9,9,8,7,3,4,5,9,6,4,4,1,9,5,6,9
293:8,8,5,3,7,8,6,8,7,3,3,8,1,8,3,7,6,2,1,1,7,1,3,3,7,6,9,7,1,2
294:8,2,2,1,2,5,6,4,2,2,7,7,7,5,9,1,7,3,4,3,4,2,9,4,3,5,3,5,9,6
295:7,5,4,5,7,8,8,9,2,8,4,2,2,6,9,6,4,8,1,6,4,7,9,7,2,6,2,4,4,8
296:1,7,6,2,6,5,9,4,4,7,9,9,5,5,8,1,1,4,5,5,5,1,6,8,8,1,4,6,1,2
297:6,5,1,5,7,8,6,6,5,3,1,8,4,1,7,1,6,8,4,8,6,5,8,6,4,9,5,8,7,8
298:7,1,3,6,9,7,7,7,9,2,6,7,6,1,5,2,7,5,2,9,9,8,4,6,7,8,2,6,6,6
299:7,8,2,7,5,8,9,6,1,8,8,6,5,5,6,9,6,4,3,3,4,9,3,6,3,1,9,6,3,3
300:8,7,4,9,3,3,5,1,9,5,4,6,6,2,1,2,8,2,2,6,4,8,6,3,9,5,9,3,5,4
301:2,1,5,5,5,8,5,8,8,8,8,6,5,5,5,5,7,3,7,1,5,3,3,7,6,1,6,3,4,4
302:9,7,6,1,2,9,1,5,1,4,4,5,9,4,9,7,2,8,4,9,5,8,2,2,7,7,7,8,3,4
303:3,6,6,7,4,3,1,3,5,5,1,6,9,1,9,9,8,6,2,3,8,4,2,6,5,6,9,1,8,3
304:6,9,3,2,5,8,6,4,3,7,8,4,8,9,8,7,9,7,4,7,1,3,5,1,3,3,8,7,4,6
305:9,4,9,7,7,7,1,2,2,4,3,8,3,2,6,1,5,4,4,7,4,7,4,3,2,5,7,5,6,1
306:2,1,8,2,5,5,6,2,5,9,9,5,1,7,2,6,4,3,2,8,3,8,3,1,3,1,9,3,2,5
307:5,7,6,9,9,4,7,3,8,3,8,8,3,7,8,4,3,6,9,2,8,5,6,3,5,9,1,1,4,4
308:6,6,8,7,4,9,7,9,8,2,2,4,7,9,7,1,7,5,1,7,7,1,9,5,6,4,2,8,4,4
309:6,3,8,8,1,5,7,8,1,9,5,8,9,2,4,7,6,9,5,6,4,8,2,4,4,7,5,7,8,3
310:2,9,6,3,3,9,7,2,4,8,7,1,7,9,5,7,4,8,2,6,2,6,6,4,8,2,3,8,5,3
311:6,1,7,5,7,3,8,1,7,2,9,3,3,1,7,5,3,4,9,3,1,9,8,7,7,3,4,2,8,6
312:6,6,8,1,4,9,4,9,1,5,9,2,6,9,7,1,2,5,9,4,1,4,7,5,7,1,7,8,4,5
313:2,4,5,4,6,8,2,8,4,1,9,2,7,4,9,4,7,8,1,6,4,5,3,6,9,3,8,6,5,2
314:5,6,4,4,5,9,5,9,8,8,4,9,3,2,3,3,3,6,7,4,2,6,3,6,9,7,1,8,9,5
315:6,3,3,6,2,8,3,6,4,5,5,2,9,5,3,4,5,8,3,1,4,1,4,6,6,8,8,9,5,2
316:5,1,3,1,8,7,5,7,4,8,1,8,2,5,4,9,6,4,8,3,1,1,1,7,3,7,9,3,7,7
317:7,4,4,3,5,1,3,8,9,5,6,7,2,9,6,3,5,3,1,8,6,4,9,4,6,6,4,8,6,4
318:8,5,8,1,1,8,9,7,7,4,3,8,9,7,1,2,8,1,8,3,7,6,7,2,1,9,8,7,5,6
319:3,8,8,3,7,5,4,3,6,5,7,1,4,6,8,1,5,1,4,5,9,6,8,1,1,3,7,7,6,8
320:1,5,5,4,9,6,6,8,4,1,7,8,7,7,1,5,9,5,7,8,1,6,5,3,1,3,6,4,1,9
321:7,3,3,3,1,4,7,2,6,1,1,9,5,9,6,9,9,2,4,4,1,7,6,4,3,6,4,9,3,5
322:1,6,9,5,5,9,2,8,4,8,7,6,7,7,4,3,9,8,6,3,6,8,7,6,9,3,2,5,2,6
323:6,3,8,8,1,5,7,8,1,9,5,8,9,2,4,7,6,9,5,6,4,8,2,4,4,7,5,7,8,4
324:9,1,9,2,3,9,7,3,7,1,3,6,7,6,2,3,9,9,2,6,7,4,2,2,2,3,9,3,3,4
325:6,1,1,1,3,5,5,4,3,9,7,6,1,4,1,3,6,5,7,4,3,3,6,4,9,4,4,7,7,6
326:8,1,8,9,8,6,4,3,4,8,2,6,3,1,4,1,9,4,7,6,8,3,7,8,9,4,8,8,3,2
327:2,8,9,7,1,5,4,4,6,8,9,4,2,3,3,7,3,5,1,3,6,1,7,4,5,6,9,9,9,5
328:4,7,8,4,9,9,7,3,1,1,4,6,1,5,6,1,8,2,1,9,1,9,9,8,8,2,3,5,8,8
329:5,8,7,3,9,9,2,7,8,9,5,5,6,6,3,2,5,8,6,4,4,9,2,5,1,1,9,7,2,5
330:2,5,4,9,8,5,5,2,2,2,8,4,9,9,8,2,1,1,1,2,1,7,9,4,1,1,2,9,3,7
331:1,5,8,7,2,6,2,9,8,1,3,3,7,6,9,8,2,3,5,2,8,9,3,5,4,9,4,4,2,9
332:1,5,4,2,4,1,1,3,1,3,1,3,6,4,3,8,1,2,3,9,9,9,2,9,2,1,6,6,5,4
333:1,5,5,2,1,1,7,7,3,4,5,6,5,2,4,8,3,8,5,5,2,9,3,9,4,2,9,9,6,6
334:3,1,3,7,3,4,4,1,7,8,9,9,3,4,6,1,9,2,1,9,9,2,9,8,2,9,8,8,5,1
335:8,5,6,4,7,5,4,7,6,1,6,8,7,9,4,6,7,1,6,1,7,8,3,8,7,6,3,2,1,9
336:4,7,4,3,8,6,8,9,4,5,6,4,4,3,4,3,3,4,2,1,7,3,4,8,2,9,5,2,9,3
337:4,2,1,1,4,8,3,2,2,6,6,1,5,4,4,6,8,2,6,4,9,8,6,8,2,8,7,3,2,9
338:7,1,5,5,2,9,9,5,8,7,3,2,9,1,4,7,2,1,8,9,5,3,2,1,7,6,4,8,4,5
339:6,6,5,3,4,8,1,8,8,5,7,6,5,8,4,4,6,6,4,4,7,3,8,2,7,7,8,1,7,9
340:1,3,2,5,8,1,5,2,7,3,9,9,8,9,3,7,8,7,2,9,9,1,9,2,1,8,2,7,7,9
341:5,1,9,2,4,5,4,1,9,3,8,2,3,9,8,9,4,5,4,1,8,6,8,4,6,9,8,1,6,7
342:2,3,1,8,7,3,2,2,9,1,1,9,6,1,7,2,2,9,8,8,9,4,1,4,2,4,3,6,3,7
343:6,7,1,3,8,3,8,5,4,9,2,9,2,2,9,9,7,1,5,9,2,3,1,3,8,9,3,3,3,2
344:3,9,1,4,9,7,3,4,2,2,8,4,5,3,7,2,4,7,3,9,8,3,2,2,1,3,3,3,7,9
345:6,5,4,5,2,5,7,6,7,2,4,1,7,7,1,1,8,2,4,4,9,4,4,6,4,1,6,8,1,1
346:7,6,6,5,2,4,9,3,5,8,2,4,6,9,4,5,2,7,9,2,8,4,3,4,4,9,6,7,3,2
347:9,7,7,4,5,7,6,1,1,8,9,3,1,6,8,3,8,8,4,6,9,2,7,3,7,4,9,5,8,6
348:6,4,2,6,3,4,7,4,1,1,6,1,7,9,9,5,2,1,5,6,5,3,8,4,1,7,8,2,7,7
349:2,7,3,1,8,2,9,8,3,8,6,9,8,8,7,4,9,5,5,2,9,4,2,9,3,9,8,4,6,6
350:1,1,8,4,8,7,4,4,4,3,6,7,9,9,3,2,7,3,4,6,1,3,6,2,7,4,9,5,7,8
351:3,4,5,7,6,2,6,7,8,8,3,1,8,4,5,4,2,2,7,7,2,5,3,7,5,4,4,1,8,1
352:2,1,8,2,7,5,7,3,6,8,5,9,1,8,5,6,9,1,5,8,2,8,2,6,8,8,4,3,3,6
353:8,2,6,8,2,9,5,7,6,9,9,7,2,2,9,6,6,9,2,4,9,3,5,2,4,1,5,7,1,2
354:6,8,1,6,2,5,6,2,4,9,9,7,1,5,6,5,9,3,9,7,3,8,9,7,1,7,7,4,2,1
355:7,6,1,4,8,1,8,2,1,4,2,1,8,7,7,8,3,1,8,9,9,6,8,5,6,6,2,9,7,7
356:5,7,7,8,4,9,7,6,1,5,2,2,8,6,4,3,5,2,7,3,1,2,4,1,6,7,6,4,5,7
357:5,6,5,8,3,7,8,2,4,8,7,5,8,6,9,6,8,6,3,7,4,9,4,3,1,7,8,9,5,1
358:4,1,8,3,7,8,4,3,7,5,4,3,8,4,7,2,7,6,3,3,8,6,7,6,9,8,8,9,1,5
359:9,9,1,9,2,9,9,6,3,8,2,4,1,4,5,3,4,9,3,5,3,1,5,5,3,9,2,5,9,8
360:5,2,4,9,7,2,6,5,4,9,5,4,1,6,5,2,5,9,7,3,9,9,7,5,4,1,4,5,5,3
361:5,2,6,5,8,7,1,6,7,9,2,8,1,1,2,8,3,1,1,4,3,7,4,2,4,7,9,8,1,6
362:5,9,5,8,7,4,9,2,3,3,2,7,7,5,5,8,1,3,2,7,9,3,8,5,8,6,7,7,5,6
363:3,9,2,9,3,8,7,7,3,1,8,3,1,5,3,5,3,4,8,4,6,4,6,9,8,9,4,2,4,4
364:2,2,9,4,7,5,7,8,9,3,7,5,7,1,5,7,3,2,6,4,2,7,6,3,5,8,7,6,1,4
365:5,5,5,5,5,7,7,5,1,8,7,6,3,9,7,3,8,7,3,4,5,6,7,7,5,8,4,1,8,4
366:6,2,9,8,6,4,4,4,7,2,1,5,9,6,1,8,2,5,9,2,6,7,3,7,7,3,5,3,8,8
367:7,5,3,7,1,8,7,7,3,7,9,8,9,8,3,8,1,1,5,1,5,2,6,2,9,3,4,7,3,2
368:5,8,7,7,4,5,6,5,8,1,7,9,1,1,8,1,9,5,8,8,6,8,7,4,6,8,9,5,5,6
369:8,4,1,9,7,9,8,6,4,6,1,6,7,9,8,5,1,8,8,6,5,9,9,9,5,9,7,8,9,8
370:9,7,7,4,5,7,6,1,1,8,9,3,1,6,8,3,8,8,4,6,9,2,7,3,7,4,9,5,8,2
371:6,8,2,4,4,2,7,9,9,3,5,1,7,5,2,1,1,3,2,4,4,4,3,6,6,4,1,5,3,4
372:8,8,6,2,9,9,7,9,2,1,8,7,2,5,6,2,2,2,9,5,8,2,2,6,5,2,5,5,2,5
373:8,4,1,9,7,9,8,6,4,6,1,6,7,9,8,5,1,8,8,6,5,9,9,9,5,9,7,8,9,3
374:1,5,5,5,4,8,7,9,2,3,5,6,8,7,4,7,3,2,9,9,8,8,4,4,2,7,1,1,1,1
375:3,8,6,9,7,9,9,3,2,6,8,6,5,7,9,9,2,2,9,1,8,1,8,2,6,6,3,3,4,3
376:3,8,7,8,8,7,3,4,5,1,1,5,6,3,3,6,6,3,1,5,4,6,1,5,6,4,5,4,3,4
377:2,6,6,7,1,5,1,4,6,3,1,9,7,7,4,6,8,1,3,6,1,3,8,7,3,6,5,8,4,6
378:1,3,6,9,2,9,3,8,4,2,4,9,1,6,5,6,3,8,3,8,3,1,9,5,9,9,5,8,6,9
379:9,9,1,9,2,9,9,6,3,8,2,4,1,4,5,3,4,9,2,5,3,1,5,5,3,9,2,5,9,8
380:4,3,7,5,9,2,3,4,6,3,2,4,6,7,9,8,8,4,8,2,8,2,2,5,4,8,7,3,1,6
381:9,9,1,9,4,7,5,4,1,3,4,4,2,7,6,5,8,9,6,6,8,6,1,2,5,7,2,6,1,5
382:7,7,4,7,1,7,3,5,9,2,8,9,6,7,1,3,2,5,8,5,1,2,5,6,6,2,1,7,6,1
383:4,2,5,8,5,7,6,1,5,9,2,2,2,5,1,9,9,6,5,3,6,1,1,3,1,9,1,9,8,8
384:4,2,6,1,7,5,7,6,1,7,7,7,4,8,3,1,6,5,6,6,5,4,8,5,2,9,3,6,8,3
385:7,8,4,1,5,5,8,5,8,7,7,6,5,9,3,9,3,9,8,3,5,4,7,5,1,1,3,4,5,8
386:7,7,4,7,1,7,3,5,9,2,8,9,6,7,1,3,2,5,8,5,1,2,5,6,6,2,1,7,6,3
387:4,3,9,8,8,5,4,1,3,1,8,6,3,1,3,7,2,7,6,3,7,1,3,9,5,5,6,3,9,5
388:8,5,3,1,1,6,1,1,2,3,2,4,9,2,4,1,4,2,7,3,5,6,5,3,5,8,9,2,9,6
389:5,3,1,7,3,3,2,6,7,7,2,1,2,2,1,8,2,7,1,5,2,1,9,3,1,1,5,1,4,3
390:9,8,7,9,4,9,8,8,4,6,5,6,2,7,4,6,9,3,9,6,1,9,5,4,3,5,9,4,7,3
391:2,1,2,3,1,9,6,7,9,4,3,8,2,9,7,8,1,3,8,4,9,8,3,8,8,8,2,6,2,9
392:3,4,8,2,7,5,3,6,9,9,8,8,8,3,6,9,3,8,7,4,4,1,9,1,9,6,5,1,4,5
393:9,9,8,6,1,2,6,3,4,9,6,3,2,7,2,7,6,5,3,7,3,2,3,4,9,1,3,4,7,8
394:2,1,5,9,5,8,5,8,8,8,8,6,5,5,5,5,7,3,7,1,5,3,3,7,6,1,6,3,4,6
395:3,8,6,9,7,9,9,3,2,6,8,6,5,7,9,9,2,2,9,1,8,1,8,2,6,6,3,3,4,3
396:8,6,1,5,2,8,7,7,8,6,7,4,9,7,2,9,4,6,3,2,4,6,4,5,9,2,6,6,8,5
397:4,6,2,3,4,3,3,1,7,9,7,7,5,8,8,4,3,5,2,9,1,7,3,5,2,7,2,8,5,8
398:3,1,3,7,3,4,4,1,7,8,9,9,3,4,6,1,9,2,1,9,9,2,9,8,2,9,8,8,5,9
399:1,3,6,3,1,3,4,4,4,3,5,2,6,4,2,6,8,9,3,8,2,8,8,7,9,9,9,4,1,2
400:6,6,5,3,4,8,1,8,8,5,7,6,5,8,4,4,6,6,4,4,7,3,8,2,7,7,8,1,7,9
401:8,8,2,8,5,3,3,4,6,4,6,1,7,6,8,8,2,5,5,6,9,2,3,7,2,1,1,2,9,7
402:6,3,8,3,1,1,5,7,8,9,3,4,3,7,7,7,7,8,2,4,4,1,6,9,8,8,5,5,9,1
403:8,9,2,3,6,2,2,7,5,2,3,9,6,9,6,4,9,5,1,9,3,8,5,2,1,4,2,3,3,3
404:3,4,1,7,3,9,7,7,9,3,9,1,5,5,7,3,8,5,4,8,7,1,1,9,4,5,8,3,2,6
405:5,6,8,1,7,3,5,8,9,3,9,4,9,8,8,1,6,7,5,4,6,9,4,2,5,5,5,4,9,1
406:2,5,9,7,6,3,5,5,2,9,2,1,9,7,1,4,7,3,5,7,8,1,4,1,1,2,3,6,9,1
407:4,9,4,7,8,5,7,8,7,7,7,2,9,7,9,4,9,1,7,2,4,9,4,9,4,2,8,9,8,5
408:2,1,8,2,5,5,6,2,5,9,9,5,1,7,2,6,4,3,2,8,3,8,3,1,3,1,9,5,2,6
409:6,6,2,6,9,3,5,8,8,9,2,6,1,6,9,5,6,9,4,3,1,2,1,4,2,7,7,1,8,2
410:4,2,1,1,4,8,3,2,2,6,6,1,5,4,4,6,8,2,6,4,9,8,6,8,2,8,7,3,2,8
411:6,5,4,5,2,5,7,6,7,2,4,1,7,7,1,4,8,2,4,4,9,4,4,6,4,1,6,8,1,1
412:8,2,2,1,2,5,6,4,2,2,7,7,7,5,9,1,7,3,5,3,4,2,9,4,3,5,3,5,9,8
413:1,3,2,5,8,1,5,2,7,3,9,9,8,9,3,7,8,7,2,9,3,1,9,2,1,8,2,7,7,9
414:2,1,8,2,7,5,7,3,6,8,5,9,1,8,5,6,9,1,5,8,2,8,2,7,8,8,4,3,3,6
415:6,4,7,8,4,2,2,6,3,5,7,9,2,8,9,9,9,7,7,4,9,4,2,9,6,6,5,6,7,8
416:2,6,7,4,5,5,5,3,7,5,6,4,9,1,6,9,5,8,7,8,4,9,6,9,5,8,4,6,5,9
417:7,4,7,2,9,7,9,5,8,2,5,7,6,7,5,5,4,2,4,9,9,3,8,2,9,4,6,2,6,7
418:5,6,8,6,1,3,5,1,5,9,9,2,3,7,2,1,7,7,8,7,1,7,2,5,7,5,7,2,7,3
419:7,2,8,7,3,5,1,3,1,3,3,9,8,9,5,3,9,5,3,3,9,9,2,7,3,3,8,7,8,1
420:5,5,3,1,2,9,9,9,4,2,3,1,7,7,5,3,8,8,1,4,8,3,2,7,6,7,8,1,7,9
421:2,6,6,7,1,5,1,4,6,3,1,9,7,7,4,6,8,1,3,6,1,3,8,7,3,6,5,8,4,8
422:9,8,7,6,3,2,8,4,9,7,2,4,2,1,5,6,9,7,7,5,6,8,9,5,7,4,5,5,3,8
423:7,3,9,5,1,2,7,5,6,2,8,4,1,9,3,1,7,7,7,9,5,5,4,5,7,1,6,3,2,1
424:6,1,9,7,1,3,6,6,7,8,7,1,4,5,3,8,4,1,6,6,7,4,8,5,1,5,1,2,6,5
425:1,5,1,2,4,1,1,3,1,3,1,3,6,4,3,8,1,2,3,9,9,9,2,9,2,1,6,6,5,4
426:1,1,1,2,2,3,7,2,2,2,4,9,3,3,8,5,5,9,5,2,1,5,2,9,2,1,6,7,9,7
427:7,2,1,3,5,7,5,1,1,4,4,2,7,6,3,7,9,7,6,9,8,5,7,7,5,1,8,6,8,4
428:1,5,5,2,1,1,7,7,3,4,5,7,5,2,4,8,3,8,5,5,2,9,3,9,4,2,9,9,6,6
429:3,9,8,5,1,3,3,6,3,2,1,8,8,4,8,6,6,4,8,3,7,2,6,2,8,4,1,9,4,6
430:2,9,4,1,2,9,1,4,8,3,4,7,3,1,1,6,3,8,9,3,1,7,9,1,2,5,7,8,4,4
431:2,6,7,2,1,1,7,8,9,5,8,1,9,9,1,8,1,1,3,9,8,1,2,7,3,6,7,4,1,3
432:2,4,3,1,7,9,3,3,6,9,1,9,9,6,8,9,1,3,6,5,8,7,7,7,6,9,1,5,1,5
433:8,2,6,8,2,9,5,7,6,9,9,7,2,2,9,6,6,9,2,4,9,3,5,2,4,1,5,7,1,2
434:2,2,6,2,8,9,2,6,2,5,2,1,8,3,3,7,5,3,9,3,6,8,6,3,2,2,8,5,8,4
435:2,8,6,1,2,1,6,3,7,5,3,9,2,8,8,9,6,1,5,3,2,9,9,8,8,5,4,8,9,1
436:3,8,9,1,3,3,3,8,3,6,4,4,7,7,6,8,7,1,7,9,8,1,8,1,3,2,9,8,6,2
437:2,8,7,7,4,5,6,5,8,1,7,9,1,1,8,1,9,5,8,8,6,8,7,4,6,8,9,5,5,3
438:3,8,6,9,7,9,9,3,2,6,8,6,5,7,9,9,2,2,9,1,8,1,8,2,6,6,3,3,4,2
439:9,7,6,1,2,9,1,5,1,4,4,5,9,4,3,7,2,8,4,9,5,8,2,2,7,7,7,8,3,5
440:6,7,1,6,2,6,6,3,3,2,8,2,3,1,1,4,2,8,2,8,6,8,8,8,7,9,3,4,6,5
441:2,3,4,3,1,9,4,2,6,5,6,1,9,2,1,1,9,7,1,6,1,7,4,3,7,6,8,1,5,9
442:3,3,6,2,1,2,7,5,8,2,1,7,6,9,8,6,6,4,8,1,5,2,9,4,3,2,3,8,9,7
443:5,3,6,6,2,7,1,4,3,2,5,6,6,2,1,5,8,6,6,6,1,6,7,5,2,5,4,1,3,3
444:8,3,3,8,1,7,3,7,6,7,3,1,2,1,9,8,9,3,5,6,6,7,7,6,6,9,2,2,9,8
445:2,2,6,2,8,9,2,6,2,5,2,1,8,3,3,7,5,3,9,3,6,8,6,3,2,2,8,5,8,8
446:1,4,8,6,6,2,9,8,1,6,3,3,7,8,2,3,7,1,4,4,9,2,5,7,2,8,7,6,5,8
447:8,1,4,3,9,6,7,1,2,8,4,7,4,9,3,7,3,6,6,1,7,3,7,7,5,3,8,1,6,8
448:4,5,7,7,2,6,4,6,4,9,7,8,4,7,2,8,5,2,3,4,4,5,1,7,2,2,5,3,1,2
449:6,6,8,1,4,9,4,9,1,5,9,2,6,9,7,1,2,5,9,4,1,4,7,5,7,1,7,8,4,6
450:8,8,5,3,7,8,6,8,7,3,3,8,1,8,3,7,6,2,1,1,7,1,3,3,7,6,9,7,1,8
451:4,5,6,5,8,1,9,1,3,3,5,9,8,9,6,7,6,8,4,5,3,6,5,1,6,6,7,6,8,7
452:4,5,7,7,2,6,4,6,4,9,7,8,4,7,2,8,4,2,3,4,4,5,1,7,2,2,5,3,1,6
453:9,7,7,7,1,6,3,6,3,6,3,7,2,8,4,1,9,3,3,7,3,6,7,7,2,4,7,7,4,5
454:7,7,6,6,5,1,6,7,5,5,4,7,8,6,1,8,6,4,2,4,7,3,9,2,2,4,1,2,5,8
455:1,5,2,1,5,6,9,1,2,5,8,1,7,9,2,4,9,3,7,6,5,9,4,3,2,2,6,5,2,1
456:3,8,5,9,2,8,3,7,6,4,9,7,8,1,8,8,1,7,4,7,9,8,5,7,4,8,3,9,6,1
457:5,1,8,8,1,9,8,3,5,5,2,9,1,4,1,8,7,4,7,6,3,4,2,5,9,2,3,6,1,8
458:2,7,5,3,4,5,9,8,6,3,7,4,2,1,9,7,9,8,9,6,9,2,9,1,9,6,1,2,3,2
459:6,4,4,1,4,8,5,4,9,1,6,4,5,5,6,9,8,9,7,6,7,6,3,8,8,1,9,7,9,8
460:2,4,5,4,6,8,2,8,4,1,9,2,7,4,9,4,7,8,1,6,4,5,3,6,9,3,4,6,5,8
461:8,2,2,1,2,5,6,4,2,2,7,7,7,5,9,1,7,3,5,3,4,2,9,4,3,5,3,5,9,6
462:8,3,2,2,9,4,6,3,3,1,2,7,5,7,3,8,4,1,3,3,7,6,7,2,3,8,5,8,5,6
463:8,5,4,8,1,7,3,1,8,2,8,1,2,8,6,3,5,4,2,9,1,1,3,8,3,1,2,8,5,8
464:6,4,4,1,4,8,5,4,9,1,6,4,5,5,6,9,8,9,7,6,7,6,3,8,8,1,9,7,9,8
465:9,8,6,1,6,4,9,2,7,5,7,6,3,2,6,9,5,7,2,5,7,7,8,3,2,7,4,6,9,5
466:5,4,3,8,6,9,9,9,8,7,5,9,4,9,1,3,7,9,3,7,6,9,9,7,8,8,9,3,4,2
467:3,9,2,9,1,9,7,6,4,2,1,2,3,5,6,3,3,2,9,5,5,5,8,6,9,3,6,6,9,1
468:8,1,4,3,9,6,7,1,7,8,4,7,4,9,3,7,3,6,6,1,7,3,7,7,5,3,8,1,6,8
469:3,4,6,2,4,4,9,4,6,9,3,6,9,7,5,4,5,8,4,6,2,5,6,5,9,8,2,3,8,4
470:6,3,8,8,1,5,7,8,1,9,5,8,9,8,4,7,6,9,5,6,4,8,2,4,4,7,5,7,8,3
471:3,7,4,6,8,8,3,8,5,5,1,9,4,6,1,4,2,5,1,8,6,5,6,7,2,8,6,3,7,6
472:4,4,9,1,7,3,2,6,9,9,5,4,5,9,9,7,4,6,2,5,4,4,8,2,2,9,7,3,5,2
473:8,1,1,5,5,6,3,6,8,1,4,7,2,6,4,4,8,9,7,8,6,5,1,3,8,4,5,6,8,6
474:8,4,1,9,7,9,8,8,4,6,1,6,7,9,8,5,1,8,8,6,5,9,9,9,5,9,7,8,9,8
475:8,5,5,9,6,4,1,4,8,2,6,3,6,3,2,3,9,4,7,2,7,7,6,4,3,9,8,7,1,4
476:6,3,2,3,7,6,6,6,5,5,6,7,9,6,5,1,9,6,9,9,7,6,2,1,3,3,3,6,2,5
477:6,7,9,3,9,6,9,4,9,6,4,5,1,5,7,2,3,4,9,5,2,3,1,9,9,3,7,7,8,1
478:6,2,2,2,6,8,7,7,2,2,9,7,7,8,9,7,4,9,2,5,6,6,7,4,1,7,5,5,6,7
479:2,8,6,1,2,1,6,3,7,5,3,9,2,8,8,9,6,1,5,3,2,9,9,8,8,3,4,8,9,5
480:3,7,9,8,3,7,2,9,2,7,1,7,9,3,7,5,6,6,9,6,8,2,9,7,2,1,8,5,7,4
481:4,6,2,7,9,1,4,6,7,9,9,3,4,6,1,3,4,8,9,7,3,1,1,2,6,7,6,6,5,3
482:3,2,1,3,1,5,8,8,5,4,4,6,8,4,7,6,4,1,8,9,6,3,4,4,3,8,3,4,4,1
483:1,1,1,2,2,5,7,2,2,2,4,9,3,3,8,5,5,9,5,2,1,5,2,9,2,1,6,7,9,7
484:2,1,8,2,5,5,6,2,5,9,9,5,1,7,2,6,4,3,2,8,3,8,3,1,3,1,9,3,2,6
485:6,5,7,2,6,5,5,2,1,3,7,6,3,6,2,8,8,7,9,3,5,2,2,1,9,2,7,8,2,3
486:3,9,9,7,1,8,1,5,5,1,3,8,4,3,8,3,6,5,4,2,6,2,8,5,9,3,6,8,4,8
487:9,8,7,4,1,2,4,5,1,4,6,5,6,9,7,6,5,3,3,3,5,8,1,5,2,6,1,8,8,6
488:4,2,7,5,2,6,9,4,5,8,6,7,1,4,5,6,5,8,2,7,6,3,1,6,8,7,5,4,1,1
489:2,6,5,4,5,8,4,7,4,3,3,2,2,3,2,2,7,1,1,7,2,2,4,5,2,7,7,6,8,2
490:3,8,9,1,3,3,3,8,3,6,4,6,7,7,6,8,7,1,7,9,8,1,8,1,3,2,9,8,6,2
491:4,4,5,8,5,7,6,1,5,9,2,2,2,5,1,9,9,6,5,3,6,1,1,3,1,9,1,9,8,8
492:6,2,2,2,6,8,7,7,2,2,9,7,7,8,9,7,4,9,2,5,6,6,7,4,1,7,5,5,6,1
493:4,2,6,1,7,5,7,6,1,7,7,7,4,8,3,1,6,5,6,6,5,4,8,5,2,9,3,6,8,2
494:9,3,2,8,7,9,8,9,6,1,4,7,1,6,1,4,5,9,4,1,1,5,3,4,8,9,4,8,2,3
495:2,1,9,9,8,4,7,9,3,1,8,8,7,2,6,9,5,5,2,5,3,7,7,1,4,8,6,7,3,4
496:2,1,4,3,3,1,6,8,5,5,4,3,4,9,8,9,5,5,5,9,3,8,1,1,1,5,1,7,1,6
497:9,8,7,8,4,4,9,4,9,5,1,2,5,3,8,5,2,1,5,1,7,9,3,8,7,7,9,9,1,3
498:7,3,6,1,7,7,2,6,4,4,9,7,1,3,5,8,7,9,8,6,2,8,1,5,1,6,6,9,1,6
499:2,4,3,1,7,9,3,3,6,9,1,9,9,6,8,9,1,3,6,5,8,7,7,7,6,9,2,5,1,5
500:7,3,3,3,1,4,7,2,6,1,1,9,5,9,6,1,9,2,4,4,1,7,6,4,3,6,4,9,3,5
