99999999999997997380875376991795711908002807899034115077412784292339206019850904534283849850743471188501628253636746925255477605384596961092935486873071887975705545021705702741
99999999999969274992776088015686225719122912114952379810180517925458177718813945971659086981673055223183148093433516408072686049971076278237758023602111473412590563672019127001
99999999999995919999179399184951208386590116871444813568842050151801862460041130467823737827546914770491130089642784435080834499044183982867934134393156675095110731071699927023
89999999999999999999999992254003557200191402653130603557668377388637502078042257085231847203769999951303694467554373886980665187044900537213417283431245945178727445711396335089
29999999999999599999993417947928273226637214369417037472575915789954257487212744839999999659999999995721599999954298797169436697603559900930770482850778720783647701865723476904
63999999999937599999995457813952673819871961432245089945201214374072176385322076449999999999999999999999999999997091769997236344976715155996328269370372452246724326286940855592
79999999999923359499904667122430070309675305776048537186090544416375071599999999999999999999999999999999999999999999999999888195671995756391923611897832635030961774268578285857
34499999959511229467159035679411163184892379740563282310250560600331338759999999999999999999999999999999999999999999999999972917999115590067416821672045285531668868297332008697
31999999923454522915388295488956694838678852006413797961500152864399996999999999999999999996843099994633299999999999999999999497159677381612617382233719401861964583056546156492
59999999947460227547479289926708282810956018156667894435452888999999999999999999996531999999756319999279379999949999999999999999999999231674298632003465382473077780592095650796
99999998618656738855998213140932410085655314891115473892121137676999999999999189999911699489798967855173184969616878999999999999999999653102426894384080235602617866301801786830
99999992179995099939663136648453852020350956708543745506281911747999999999823938151614516227018421641421652649415675999992999999999999989459927848476606847307544480861710903471
99999999999999999567388774326558861595053069245153050323989999999999994999930445730580138883773021203976439442299547599975758499999999999975243717361482141889693384540057624536
99999999999999994746414074484264709245514832819968211893989999999999949724840178355963159767711303131112128803945297449590415499999999999999999958756132779231161714404273813953
99999996919999996317195706829957952347406110866231422832129999999999991893231323985521770199935763321798247668306879625641517999999999999999999954777553823992003478639220348847
99999994114166111095744056065904319977360416777678915806999999999995718295672068064968534512829518637807011280941139394844113249877912999999999921656234689906963926486384191135
99999990727747347939760872744165875010678701825347922999999999999673124736136511879378090165625721499531140654732390053844338873802793099999999966852699352984985775646063986905
99999923178517958792830301736792809061885597102343299999999999997416203522738717430997379597794803128021216203044472659762809751375223699999999993994059366241012241363164220613
99999949901636448994809993050715164465231825950263870999999999678908844242910960138143353493445750080485603732326081616591733159994739999999999999999999962750477864169580520953
99999924880561687166058470453422354375744544480217294999994283208220542986554498983641543121502559072592217806516743473084336113329327999781999999999999996513629300195853838198
99999979994399918191489900498046065670957108985521999999987439476280120464901299787848899990996747459520922414238173233928729158342711369699879999999999993489879167668644786339
99999949999993114168796561422387168111470772390434999999999108929908863980945233957999999999999999991236267209762823875866720122880136741555967999999999958923750968816123390270
99999999999999833747013776771381973528175794931242699999327126008203876259181629999999999999999999999284412787921821990913431202340099544942793999999999697767314912013594772557
99999999999999364749422417860958388808324933725775799993684876839633082861539999999891573169849899999999996704802132832958882102151014412615699999999999833817499283896446382659
99999916899999427357196589159226503613173018912019999999967355008592444339999988810560979023664603939999999946473470647032152364796482025986799999999999999954222315625472007488
99999991125127526935996760364787594340369510054399999999955490512718375999999171574044634206242751793999999992311685517836899567554872798610141981939999999699999835714315289579
99999911506856937997192158539463580481094128888999999999121524350297752999984219981415594419367819709859299999792988040284296603134562330442319937362999999999999969011961137357
99999998422494363108808108913789886858703985363190999999287664469470165999932745250888884128520169367035399899999843197458288877833809970934740871500699999999999964131382775100
99999965825037997776894618964803794420852340682174999999985947841634239999434021888999999999275856792967374149999021988741164951077699741478099533327599999999999580451613382008
99999916992929999408450178236162144404327899001599999999242655541484719992359138888862893199992958464246624999999989600685462944006865299204111892799999999999996628622577496459
99999919999999467957899719621993970943617900351239999999623789202245249991031788888888820607999681959031929895799999155474064400724135051401759216799999999999984171732175212039
99999999999999997850679241601149878059968041207296729999932370106695159998555988888888884763199990176838151946799999421241272626245731887340287929177498899999999999035963245947
99999999999999980579824270472951460604680224362123699999991277159670493999584348888888888635129993458831890216999999267993233049213320956747132977868947339999990399992962486877
99999999269995111494220594422587210290484258098135999999344478557250455499931193888888888660619993122831955106440999895763232686597167885972743649407535909999999899999941327144
99999999974561374739983240562768353328172755955211999999999118869023247399998340733888886966369999710105278139976999995655151759545633814461061941097137608999999999999996813850
99999999924587769013963651474344512205101926182664979539999929873068040495999999999998835938849995149696546086699999994282415379082982690299250111195397259499999999999994067932
99999999943694181897777029614513999736361425979911944899999955395405683374635688888428564717599997635144526917499999931965477712455085217761551869043946399999999999999949732894
49999999995124926998622796874314052797719322649376033899999999967791419032961087833001844611999942135252409609943399991918300581172442238295857210680302999999999999999294924184
79999999995299913996883739692583105353241548216856554662219999946162205600375474764968931499999982959376414848245999999482996757670742897812616293754891499999999999911076713966
51779999999759999999630651066923306909019957682995502107159999999997801912416786468682845999999731232592530173999999999146520476144212119887666140991547399408999999998187931722
23959999999999999999866735352420303195690745294309008669729999999999899792103434288992999999929161379994754547938999948163506734541686115700892979511603286639369999999998766891
10801999999999999992735839636315071907248077794479067313758829499999999414999999599999999992492263634956739099932999961525030265570538953496766339907490123264351999999999932451
47199999999999784767354411349914643001165559558139156086100116299999999999999999999999961796578373854340088544889999999412486084579513645931329907384499753590214699999999999824
94999999999999996794634422999951368430123164934378853013815067991609899989999999999549613070689272451389678049999999999703844560013293686426728845793797912164091599999999999993
01999999999999996971830949161071210796140012896438669227127142642263469611299228112722543740407111153070825121999999991381421593187086288802558803886900176619292699999999999992
52699999999999999391004799681168541845051170508556819907740961653679095922226411884342726230622659757079711978999999501387502726940725319088154791533102272999999999999999999973
90981969999999999998999999999965783181080353369795847551815417565936354905193935165600701279529258431180779999999999596862246778242557389445772267138109823999999999999999999518
82447791299999999999499999999742659226644688314037893141722402054834013847974941342195148180112091352401499999999999420927593260021959885923912018932723078799999999999994995553
77809999564989999999999999993709273548032735302706488545290127075920313001826319155899079026045955613924649999999999124749627088091422206178079429956861179997239999999979340498
05845467457399999999999976100886576772430084142560581790038880306437280821173138822598047955039284801815199999999995897363719274769150192701431244219653569420594999999979143937
35627942754770999999999999960382934932661176606733379099043812385093707706941217554186394652663838129999999999959645340447832368655054197915612820096642987884216999999686999116
41334953381129999999999999384353424998260839551511812693803981560727847848138127652209489672182984999999999999939597837576793646736529177440579607188969132195424999999764891141
25189192241889999999999999999618999999953239985278064990480212359807973659980129181259947448447299851999999999999938147456084003723591158781428846425596335715589999999654999997
72709671182019999999999999999999999999935792312103416430474629175527154644918643319215518241748982386999999999948199528633967096311261472202115343925367557875999999999999999999
15878326706152499999999999999999999999986851289271424423136957753981550562821569375903642699999992699999999991002105954177305504043065803846885869159826854599999999999999999999
97321409374526633691759859999999999999999670289999994601856469731173655620255197954734079494999999999999967011760703595002435472541790794655186082483776999999999999999999999999
49460467685996113999435941999999999999999998899999999398792110078666692327588224999899912900299999999999777254351703011370603359323785126210110444298810292999999999999999999999
50939851557244083423726565799999999999999999999999951571319999983499149919984214039999999999999999999999896617200464032132646923046147559914889865900519184999999999999999999991
12234421570533103133573124299999999983999999999999994113533899992433915899999360599999999999999999999993436958077534425985679249417488584570029517303934799974099999999999994770
82555218299079746661175235199999999993749999999999999999999999999912785999999999999999999999999926271819267976895090392172522601950225499076486622090694891117365999999998179556
17848350768389605999065322019999999699940199999999999999999999999999999999999999999999999999992340562618677852134729712694216615474886590324567214019637328282509179999999996329
64121439655502224049999949237734999681221999999999999999999999999999999999999999999949999999999997178840451786246259103337779245447085461530362142529312283379656591899999999537
57582836987524319735611519981662499964724799999999993589999999999999999999999999999953729999993137124637138321867033774251803166183402568736797711192512238312902245799999999918
71708374196096720388990522076936029562439979999999989959189999999999987199999999999294378508501408288855084404099542196173254759865232845508902830955921726672285635643999999915
07702171514226545890026981132588355714179531999995935033639999999998989681999999999904122138436091176999037945421345226289795490284360147937725359290052824884431899998999999992
59004086460589561673972983874316496792653390887567993447755999999942770462964989349962395183877178862548414834889542944007208607089065336879103946052979999999182299999999999998
78680501370630044194445545025196692656166658966611999571277301442899416384577425897146626207829181894594129245293743788612810612818456812898752372875599999999916799999999999999
71690250095780944041771096496651651797376470803863482977151889080867752794025861096492269665709126582727452820754825162084896985128206071938521446508449999999299999999999999999
52581813799878555659697559445072729037882770172508832791574654723718571294851054177797492246233111251408794189666859287243215957638799040132880187871359999999999999599999999999
96122706583224169414564971557407573172532905404305021379981385500812176859538923116311972832453583210879835254747257962063742819525400112239330152799994809999990966999999999999
42469018820213385813999009848835450411987465007864236759720519023701040367082908372878854312916841424135442306782314721918102419853862438403436364997499519999889952399999999999
18651042270585491346646157495747586362145932440743802000431665656242996714233897347285995797193368444084446699973479436017312984995573735679999469971053374749909117499999999999
