2244763545657726287818163247599695578641111986416641355488864361942553336373419271477873689689371672295364544838438228717124197924694294737634244491648297441498538928521916864697246656178795656547221489
9978317167556133529662381534332693671111111119396142644111111111167813894317554518277799813124863711111192845728258963854374155754111111111118561873451411111111135654198853617358455352982391111111111125
3468111111111386562181111111283171811111273611849358281112111111111464982111111295632695486139685119227113956361111118573237162111171797393831931254911177479811136618111115853811111766386111138131114538
6811111111111113831111114737148574111534157955111519377911166615611119988121111172498279614759373145247187336511918614789471981129147414638216663218111584974451128611138239144816711116768118827911261714
8511157469186411123288112422854168971165449931887333293846111849381172159121262116164371145499851172621958182814746319634632411323764159411114597851774818519561151147388137736911116183469911176522885829
8111416185525735116381641118129484786111163122745219352519821194781177476111555978492468895678686112482726956468696813745522313586271111387732824118914935297111476119524297338471153474938912114563979143
7211166556111113141962953293922491847795375356599393675845562326931155125111146495754513343111161911541524252116914616681549611111111881611119442311311111116118642691111111554711412683973583623175296847
8361111111111111134181575243716785298655241269256111111111515597811492671811112518386161978153925126117471479591334811365161521111231111111111441818149993581112357518713463621122277282765111167376168642
3842111111455181965532416131111111173518917313111111111111112114483627427361211289411556421149765855119156259111186341774162826462471321175615487418957135818886359799691181111119388972148111951116315328
2767765119425851246232922511222222115538462511111127361682119377979331111111111111111145497167462411236775961122125959111519127361147411931844585454274117828985624182221115167291199255811633928821219285
4975472437369561115854545112111111111175199111163739311617535734941111112211629911626359762211974969289215111222152635996764174111111511471139994169511191133658563944111571582528298121181345329524117853
4799574432719111111119134112116914267114871113893152976343794494811111612217841623176111935121761116756811111232149916493744811122116714514176465335913288814961718111372151886249263811488644253552118592
8618212953293118461541127211117416432158262111181228511111192836111739312217878974311121396728261324111111491232115643199611112222112111411673137665313287981963814371156591145622762917339531355955111572
7584111118472211812787192772111186483186774211111111113835915653114785712119813731112221336322911111111423111222111111111111112332157111195571822973211285129449117557111197151196481817172111279255115683
5271111111189277771118112817461111744637214274374164787146228866185213111185671111222321376811111145259741112111111111111913712322139111558151282713317111888285148178478496445457572112152118574863192378
8571128767115263923446372341292464626859246476352391111111365444121178111574511122233321481111767336642351111114727834588871112221153411116761922225356971111111183849561841591233378818431111728251229611
7111122884111659818536641117543859881586138576226111111111111988135881113981112223333221111221111111181111113388311114436511222211425331734934811111638635998452911675929468118616138118126631115111619816
5611447751981138714569111211116543311111111168511111137321121397162311228111222322222211111111111122111221578973911199271112232114674269731171112195551725642364657345311112521111355141945527311118814628
4611657778916911153451121111114575112111112111191218449491111279323222678112222221111112766666312111111121111195315888111112332158733528394111222128611111111111316454114524163811451721785642622237582115
6111139445896218282665121596111845121127111216591111738924411856386285111122211111851535815135976372897111112111129915623312222111111111111122222184211532211111793791835177691116663248653212414182344894
8521171571116328882925111746418656121543651215853111149641741567461211122211115592548125236842599889775388211112111148211111111111112211111223221124611741471211674853928696932294278954313932461513964849
6121117111896334323497211152355466111114291118512661111525558353391112221115941929512111111111111111163422239111122111111111121679511114321232211935931316161141313547912154761345181172614561111111115163
9845111119117572589341456111787659212191768184865247584111667827511222111141268381111153667927511311111116156581112222192964924973233379511232114751891421631851567824241712111183276238545551168987581575
6584721628152111111114226261111627411113922267589121784515957911112221117688694119661643384416258148515111117857411122118728191111188689112222178254848825531581561441671111111864841763455811347985611174
8757787145438111111111141351117199237211132598511111111195472311222211297154581263611725527111138813285466118834683112211628329324236511122211169275879127934651488111111614626671159218329912361499111992
3186521733841111641571148536429222337467125528111111111117668912222116857116316951758291111114267893511111137617781711221112122724111112221113427172311314491818318561138756751851543469963418494546675526
2537333121421112679318113366111111111796665411121289291217432112221191191871891492378111221124784711194746921893463511122211753782111222111256781931115868974229574825113611119988611111695726633638428819
5664711747173111416972699991111181111111162448121421921117341122211376739767117374171122221112551132751949751111112368112221268421341111182939741511181156711786137563211111711266193962116975257664827485
3696413637839211118144984492115125548111143261121122551198151223215446111455819148111223321172911436391286421186711572811221116746411115615925147591997111794986518342284926176231257328311147917558276334
6868183134149763211116275145111197314941111395112122911136511233217949111151948736112233322111434594911947411762794465761222211182727511316494378211619181186171171611111381458613652143116477898111111121
1858173356331197198344466916711115235427923193511117711994512233211692247582215982512233332211111111111453311766361354911123222111111111111841532417197714134191341112251118736111562311163324981489661132
2211136571116197664828116312223411111154672552741183211163112333214768723474954562911223333222222222221355711513236152242123332222222222211147646326914675113981119265991111126486848824365318116568811111
5941121271213227521111112411591981291183919468228679711385912333211291111637714351191122223333333222111111111162111165151123322222222211111174661145521677118471119847614311164923668471423668954487811888
6451177971216756711115614751399675469831113256272924651153912222211111111111254299133111122222222211191112219249516111935123321111111111464999235661281466412427153181133111293787723985587555671172421772
5251199321114576111476646512862471111111211111191972561417412211115629725911117286928297111221111113199412211714317111943123321425522362737611327982138883114638148417111141961898731111111166423755799324
3751155911161561117893552172411111222222222222111163874148512117586176417848111123678881451111431617961112221613778511689123321197655846511111111164111734175163411154715388156111111579511117298176489718
5135111111833251111624111626811222222111111122222111847514211133911198412841351111526366568581151111181912221176215911458123322153898292821761475111529111148666485248748881141113992731899118954169456125
3119611113315716811111191853112222111151946111122221116611116531111658817162235611113658381931967172272911111718771811362123332111353189559131639515867469647551111111117161291198872565791116777111111136
7125886423917557888274336471122221113957547974111122211112211111127158115321223487111111974124484493111111811632179118758123432221116783159238769911183416912111111417311174111392271511111389611162111539
9347595382119653173543769461223211886211111158863111122222215556112448115111126512771111111111111111111113511681711165499123433322113138931799561128154429696162868518951157921726961111663322271751521155
7535681411122511512557566411233211162144119867621634111122211597316628113372994372342111221111111111149217116436211274361123332222211251852961112237645526998156562718111669941423145618978468718989271189
2538598221946311575737915111223212671756682973534561229111111111988316812585915447574111211256734552153481119563113995511222222111111112526819635522511138645111329511118371681645989111111986239662711687
6213747911315211299712594781122211822521111111172184525876876893398812257371742471111121116323213599999311118381136121412232111162483452219874491111112111122611738485733727875726711112211116114135119249
6715255511711111919152819533112221178241122222111148459457814121131241846561111111221111944126315233262151127211676417112332156964892611111111163381122221117352117883231995992819611344731112423376965138
3179535511112111761123351627411222117988111122222111148714134321878214111111122222111189842663255887888161157918196146122332111467198111172411134569123322211184311121141111111181717625351129918454631322
9341718678111127731112971884521112211194196111122222111111111111111111122222222332112847592211111156212321919559498711123332128117434117781711688621123333222119177868111111111118511486529631773911191651
8813611987786248151449111351569811111111111531111112222222222222222221111111112232111111111111116512214811862954638112223432111114817174876111891211223333332211128791111278883116641114764159711118111434
7215451152399483661677111946953531351111111821421311111111222111111111579395911222222222221111847837111178777326424122333332221891855681431158423112222222333221114411928849251118564291111431111142841148
8966411153581579531113111136196443237482293662687861334251111118159825392757351123333222111993685311118911128442811122222222221734126236115565551122221112343322111511918837111163477417366323612611891635
4537236118992128431111112131111111691449487494573711423236166111111111518854415123322211129326121118847511391546112211111111111139118511189296411222211712333332211411668251118176324111112487373848811686
2213484116119411835711182761111111146733511111115466166918115142163211353867581122221117742431111981311179216611122119654215494859751141211683112222112312222223219631623512999511111111111277486713741993
9814264111994551169231122911611491115844611111111363286574779457342113843621111222111623874211986441111827641112211187338421883765162884977911122211155712111123211132784989189111119343141151148411367175
6311776111953674114735849116756211133982811819511858144511117991231116711111222111187436521114618112852175621122114635538811111124634526391112222114136111114123221431983547651111891743677486154266621847
9771142116692112111634187115373312166737541111621163511111332821119771111222211175541796613343311635711714111211122831241356111594192881111222211171447111567123321745497481181112297126133746949111119547
6538511158216115119348951231876311167861372185745648111112869611454311122221113174351124725172113891155791122115359911811116927647551111222221114835931115552123321372151711165111173499525923611141111672
1848697612655611112348231642272111578111111297992684116363591135991112222111221593913111115161772115354111221121974213378882536111111222221111331117661118917123321533539112114311111111187315116294611142
8949385681924311589136332288571189231111111967262421129961116197111222211156845637158412211331111466811122221759976673716111111122222221111771891944811178711123321485211122118633114221719827118384951163
4881956422922342711797814913744489311122611113377661179111299681122221114988641875649112113329924293112222221111111111111122222222211111976126118768111179211223321781112222212685512918679642125418311121
3919133458739457254462614523773318841689612114186348111297761611222211141344181161869121172851215211111111222222222222222222211111114742745991194641111815371233321111222333211848211111111769216121391157
5571311353141228212344855376618917731598412111999451358215911112221117453116555296111111794749111111925311222222222211111111111369977971311111515111112646811234322222222223221152111644921699934737111425
6576921644118134116849121111111313676566511149242116846425711222211468121161358586121117894211114581981111221111111113378669992792167253463137131111486791112234333222111123321136111161251178976642921393
3528251159125113911239179314221117553681511748962281825645112222115369112735315521111751551111188382111111111442942948562123111111111391188163111112417711122333322211162123322195114636233672721153472483
5886841157161119221133143898631144233556915745154911185211122221192231152883182811164856111151344111111113212439541769461111111111111115224111116119861112223322221117295123332196115618671293339145545128
7412181199118915611134598782611168218957387331128356122811222211457511778611989118322761111243621121115856847965927111748232194659612216661117597136111222333221111735692123432151311123417139537711114284
6291711272114318931111348671118598594197251211866611148212232118624111164116251183142911113486111111287237281896711111715482351752112111995518772261111112332211812385798123432176331964716283391118811791
8297117483411111889677111111338569179113513411353271129112322173471153511111111891224211193491121176712838211319711174545813321578111131314721592111113612322112119661132123432192138358174887416142811687
3943944736611129394348439964352751272611823211314971864122321136951987111511461511151111997711211849921153114447119676813132652711114928312421871115496112221182118271148123432186531411111122256129621127
9187886845412882661135548423534211118921127211926715913123321359711373112898546913362111812112213624611478112991143617147791111111173189977363111123391122211373114771161123332123881114448291144555653956
7249111717541746716357111215556111985171496751111154321123321622234585112131118711271111996122114925114911195811723718111111111129979424445611111741411222119216811591128123322195911288578941188413359766
6861476819752591911876484611126611491111256128791629621223321173836493116679467118871211861122132111133871625711116162257753691171627564211111452236112221125423911161641123321148118794723511212915531997
2511276112951974811161199371455561111127974823348687731233321991638879111522861123751214681222115731984851969613914211872362151115111111111188137211122211424218912111941223221979116295981112626254749789
2531651133336338787111189711686251275647931117337897121234321533111118811114111175851213891122173481125161224913464281395865611111111111293313481112222118231257111111441233211853512198363921369111111357
3231111162411545161271111111219698186823693159131822121234321292681117267111113883571112495122112164115251199916514679975591111431391773111183871122221114178811158515511232214115911969143631111326611667
5587131444419691169288919575281588993335461131711998811233321254581116772624291642965115557112218462611317165614871111111111154298231111161471111222111191718511896642212232112886941117463211769667117542
6593287424111628126881326736152151732884411186311783331223321239411118963696974116723111113411211971391111115515771111111892225117117855187411122221181261978611135922112322125835894338925117653131178419
1991469971151661162676182652112221162819241113451159531123321881111156111111111117343311163841121199225811816111725323917471334312194263191112222111713513981881111351122221172881113993571198662414958174
3799576411121911666752115751111791116917462811111161573123321187116959811393911192241951117611112113969621842114915431111111238728337849111222211124125314711111155711222211675111111196511132186272457634
5511961264111111423937417212161211191886851254491763845123322141111866811652934945193464111967311111111549426517171111119941148349736111122221119958928633119188864112222116361118973113811664262361947329
6217227243812422669975811812211111448741796267315182216122332117411188691793343118114653771111542122211111814785923411284193927971111122222111459411173235534673541122221149841133749411841111111197269876
5115797625475823612295417884212228817189111135111114326112222211891163258452117249111467998311111123222211111214432139914861111111222222111189311473111422574164111222211573484177935471812771939457111196
6133625127236738164997119258643849671687119421793951119511122221997172343892811973711163293417111122222222221111111111111111222222222111151954148665511323585891122221111659683113491771113345574911921629
5111424711313821198411118332588917111964433522337844117255112221198337921477811195831111375131558111111122222222222222222222222111111118811943111141111291386111222111387229277115914951145186159914751179
8321149184189658111113751784888717351116929553171111197262311222111248114524721111431151118671661824314111111111112221112111111129953667198311111711911951211122222187673414111111471111163829275117631176
6542591653718895211763788174977231372111111111111173542221161122221192111153171111115196112932711115193231862342111111411167548478571827711111111255118821112222211138111111111781123211981868879581881118
4711191837264191122562251346977615283482815141189836762712792112222111122111763991111111115273845311111111111425915971745811111143677111112111257274398111222221118933111568118788613872418591421272911314
3742691186415141113516411181631126472177111566665233152216366811122222222221111221546111141374449193165921221165611111111111292884211112211174494621111122222111955311366461123655958244321421127869111697
5394558111514317694834119111118333946184911954897111114111478765111222333322221111789772139112211111111111111572194291111493412311112211114273321111122222211187298171154289644392269871867616118161111323
7316181311197912595698618469453236311111111163541856931111286479661112222333322221111143955549342311111111398685828256147511111112222214754811111222222221119115411434241224819797111111117626111111581825
4919111326955817721111111575429438127652311721998467733993126117726911112234333322222111111152932685611259599462575311111111222222333211111112222232211111697787111111178298469111114781324938714477659962
1417111429934538311229654317762352844396473977542439223853451991589518111234444333332222222111111111111111111111111112222222233333343222222222333332116234823627139552816216811116829648343329148511111599
9743331679314154811132718613116248182491874466281721126635983122148899411233333333333333332222222222222222222222222222333333333333333333333333333332113178282642574714411315361112171191115789862114671825
3392741196136281896111174441716351411111111111111111111111111111111111111222222222222222222222222222222222222222222222222222222222222222222222222222111111111111111111111156476111111116853486259115291331
1756531111155253164356111112465723233445611111111111111111111111111111111111111111111111111111111111111111111111111111111111111111111111111111111111111111111111111113111259614576386665578673411133874771
3281331352147948913549815613929114171165262313887181396951224513612892916116965786691829551239718295989566926287789995498255219269517217777949334327691994223384111793398161541775341111111111771148135155
2544113971111714159516529169259454651211211551371111111141431311115968119455541111934392717911111544799336729462279137671111161748899574111924435822548111111119572125111111156851611992641111285128843895
9961193411411111191137371111488276899825116426117727111113911148211117484611111111111526381196757111659596328119559879111111111183189111111111159491611111195311418351155241111119113786218181466117882545
1315463866583331154766975861119415146181221891697153161111113559421161258115854491121571711874586215755811567394119621164549375114991187378766111499811162551572881517582587114872117484197111452153939916
1976814828533786244966611551118261112964911281199187111861181461111671853846944511111934311432145113175411595652118941111685322877221954589621183761111763979783181755269743213456211113819931798524292985
8239154472918723481164781111163791116798111683861123177282841111284136862463111111793251494155994332336394115899911318119924197417141487118621811193115978611499479997595435217965451132214956883412286979
9261391781911136556211134352825834351141129561879417673711551174328451841531818574658424926429125911111147791115159421181356365162178899711111119987131111163798634114611657474613492894841417662111118667
5621531187531165974762211189716382446384516281665244561882741971116869286946849856982454847748975117685911892474529663677442685148285336341111156588849516923817811121185429118149113113826556271198211686
3731238956626183781356121716979111111184725393535411111111161361126111111638513194471151111111568182419971487314177416657188849175299211252583711119935117432212969118319115962585115311724614993833211777
1651626638849193617759711564133489247514111159429676876531811319118914981119971711628851725311696519459864188418613681572166531164184199914731371118497117976448538711143135141135741991117491958845911185
8281152391511952781177119634533851264315351134775363954362118772661146981113199332115985391111741826665738594831626947336585447115347146816123111117665711173118319421111173849911129711449671153994115874
4576111111116631196111181771758711111111155526592521111111118613791911111117246678972111111893314135955121431321111111111913611641111156299823865221419559111159611922612679444859911249421711311111133176
